**************************************************
New simulation started at: 2020-04-20 10:21:39
number of episodes: 30
max steps per episodes: 1500
learning rate: 0.1
discount rate: 0.99
exploration rate: 1
max exploration rate: 0.01
min exploration rate: 1
exploration decay rate: 0.005

episode 0
step : 1129
rewards: 498
episode 1
step : 1129
rewards: 498
episode 2
step : 1129
rewards: 568
episode 3
step : 1184
rewards: 367
episode 4
step : 1160
rewards: 455
episode 5
step : 1141
rewards: 530
episode 6
step : 1125
rewards: 525
episode 7
step : 1186
rewards: 473
episode 8
step : 1128
rewards: 431
episode 9
step : 1104
rewards: 492
episode 10
step : 1176
rewards: 458
episode 11
step : 1129
rewards: 532
episode 12
step : 1145
rewards: 517
episode 13
step : 1103
rewards: 564
episode 14
step : 1197
rewards: 507
episode 15
step : 1150
rewards: 474
episode 16
step : 1138
rewards: 552
episode 17
step : 1028
rewards: 522
episode 18
step : 1179
rewards: 525
episode 19
step : 1132
rewards: 577
episode 20
step : 1136
rewards: 504
episode 21
step : 1160
rewards: 481
episode 22
step : 1140
rewards: 486
episode 23
step : 1094
rewards: 531
episode 24
step : 1104
rewards: 512
episode 25
step : 1128
rewards: 556
episode 26
step : 1165
rewards: 493
episode 27
step : 1235
rewards: 599
episode 28
step : 1124
rewards: 525
episode 29
step : 1181
rewards: 519

The Qtable for this simulation is given below:
[[ 6.81501339  6.52944675  8.13922031]
 [ 5.36984582  4.74108007  4.93472041]
 [10.44995524  9.98785542 11.67566459]
 [ 7.12192736  7.42873052  6.62579217]
 [ 3.81256366  5.19328121  6.06137137]
 [10.95874118  9.96580132 12.35565385]
 [ 6.0703974   5.79591032  6.22489843]
 [ 2.93682609  5.34771061  4.56454101]
 [10.29419591 10.71271685 12.04093393]
 [ 6.86535201  8.48939549  7.24013485]
 [ 5.64078781  7.34518772  6.42126906]
 [11.98716967 10.73006563 10.30488939]
 [ 5.67675     5.59629949  6.17355503]
 [ 5.57038862  5.35007053  5.7481897 ]
 [10.92466789 10.14544947 11.81601272]
 [ 6.69456595  5.63260806  4.71740699]
 [ 5.74534161  4.95994221  4.08629014]
 [10.33494859 10.70936295  9.75991621]
 [ 6.15922471  4.49176175  3.58175242]
 [ 3.84207931  4.85586643  4.07159008]
 [ 8.9100671  11.29212631 11.11485957]
 [ 5.91996877  6.74286393  5.49802663]
 [ 3.67674556  4.908982    5.00662553]
 [10.60362865 10.28383182 11.13117234]
 [ 6.46875858  5.14069006  5.31988532]
 [ 6.10091326  5.40730587  4.16512457]
 [ 9.80041    10.24899141  9.56278151]
 [ 7.24973485  6.3344912   7.0767696 ]
 [ 7.63843529  4.50498735  6.62867434]
 [10.03357122 10.07799589 11.46355565]
 [ 6.54457111  6.2579565   5.80241985]
 [ 6.69257456  4.52090029  3.32881981]
 [10.00237316  9.96132116 11.08638296]
 [ 6.00268455  5.07475789  5.69343549]
 [ 6.23131469  5.09742955  4.95553111]
 [10.82294674 10.1075252  10.37204937]
 [ 6.10515442  4.74057537  5.55601023]
 [ 7.2606883   5.35496724  6.06041558]
 [10.23728176 11.45035013 10.06814485]
 [ 8.59082765  5.74249235  6.96077959]
 [ 5.34542662  5.16491429  5.1394023 ]
 [10.43819637 10.49235211  9.93846988]
 [ 4.48537507  3.51477579  5.5248262 ]
 [ 4.64414764  5.55423083  5.6629694 ]
 [11.50798007 10.80831988 10.928008  ]
 [ 5.49514856  3.92530133  6.13928665]
 [ 6.22043825  4.52054804  6.10278661]
 [10.06106309  9.97553391 11.06533809]
 [ 4.19992191  5.55873499  4.94919728]
 [ 4.96804656  6.968715    5.78937637]
 [11.86131012 10.44524999 10.80472959]
 [ 4.45280356  5.55379258  5.70240035]
 [ 4.98861712  4.46991121  6.07222506]
 [12.11777644 10.44832493 10.88555977]
 [ 5.52176612  5.46490168  3.82972182]
 [ 7.37569308  6.54183024  8.74870917]
 [12.28307401 10.56490726 10.69060786]
 [ 4.96745835  4.79832468  4.48569577]
 [ 4.84495194  5.81867399  4.01151358]
 [11.31913534 11.40020029 11.72668738]
 [ 5.28041974  4.93303252  4.82091943]
 [ 4.28578343  5.47001643  4.94567608]
 [12.56421169 10.2012312  11.23064259]
 [ 5.52249169  3.61952899  5.94386956]
 [ 2.96085209  6.6349507   4.97654218]
 [10.96291458 11.88129731 11.33677463]
 [ 5.72678557  4.22066357  4.97617777]
 [ 5.1481665   4.35359967  7.36532127]
 [11.15441902 11.25471034 10.493082  ]
 [ 7.19143035  5.76789988  4.1002344 ]
 [ 6.20628391  5.4487135   7.70863437]
 [10.83805682 10.61429986 10.50150514]
 [ 5.66573423  5.4573816   6.77684759]
 [ 4.92203379  5.77838073  7.2729165 ]
 [10.80419206 10.44634091  9.64048502]
 [ 6.77489592  3.50874336  5.31880069]
 [ 5.81411529  7.70774898  4.77670895]
 [10.48358497 10.59176596 10.54779111]
 [ 6.51015789  6.09938661  6.65283607]
 [ 7.34146406  4.60701255  4.98090172]
 [10.86943335 10.13959318 10.54112782]
 [ 5.84562377  8.26167453  8.55182141]
 [ 4.25717484  4.69351473  7.86786486]
 [ 9.94109013 10.29556558  9.85658238]
 [ 3.76506814  4.46904416  7.69274342]
 [ 6.46034192  4.24236631  6.54195471]
 [ 9.90731435 10.71301498 11.05434939]
 [ 5.81436246  6.58305067  5.12126611]
 [ 5.19353348  4.20203265  4.26409965]
 [10.91406702 10.36655355 10.58936227]
 [ 6.61609137  9.28640629  5.83339136]
 [ 4.1758303   3.15034534  5.58823707]
 [11.20080018 10.71663652 10.91633134]
 [ 7.2871126   5.25544536  6.23859477]
 [ 5.95100638  5.77092622  5.25333022]
 [11.94863263  8.94721703 11.21879981]
 [ 4.9569087   5.31074028  5.99682402]
 [ 2.80186987  4.44594793  2.60869386]
 [11.01678884 10.71410594 12.1187834 ]
 [ 5.29369089  6.69061662  6.27909644]
 [ 3.43665906  2.57274674  4.8052664 ]
 [11.81038006 10.86404398  9.92825489]
 [ 6.12854154  7.23364413  5.17099056]
 [ 4.82442266  4.12116696  4.25749953]
 [11.11414286  9.78756091 11.66478725]
 [ 6.003264    4.93685003  6.48296961]
 [ 5.04643955  3.65945542  3.13948073]
 [10.57945195 11.21451502 11.27114315]
 [ 8.98966671  6.75005839  6.1317291 ]
 [ 4.12894902  5.9008897   3.56906954]
 [10.79799205 11.43446025 10.71159051]
 [ 8.14171753  8.96146357  8.53668467]
 [ 5.11852444  2.95598625  4.00746325]
 [10.86802701 10.47436287 11.15584369]
 [ 6.09575745  5.23732197  7.5694033 ]
 [ 6.02180707  3.08393245  2.65373759]
 [11.24558652 10.58880613 11.05630131]
 [ 4.89800425  6.6915042   5.90760316]
 [ 3.83736738  3.54279769  4.74705751]
 [11.0148318  11.09431051 12.09631526]
 [ 5.36992764  6.40262652  8.44776559]
 [ 6.23439342  3.43500532  3.28410693]
 [11.17893943 10.9790163  10.63839354]
 [ 5.59170747  4.77021062  5.39130221]
 [ 3.80222703  5.86878445  6.13164138]
 [10.64786417 10.36923575 11.02753805]
 [ 7.10963584  5.23271236  5.89181351]
 [ 5.04338869  4.32153268  3.18558251]
 [11.57569391 10.60556231  9.96457278]
 [ 6.38137927  6.25028724  5.1639679 ]
 [ 4.8771709   5.18692238  4.39959882]
 [10.67008727 10.38296292 10.7588177 ]
 [ 5.24113718  9.22642291  5.25280165]
 [ 3.67120014  4.13688744  6.16765369]
 [10.07321918 10.3542198  10.0384443 ]
 [ 5.25520785  5.46317993  4.65305965]
 [ 8.94116237  4.07288947  4.65339002]
 [ 9.80346166  9.87252393 11.20709385]
 [ 4.63895141  4.52652067  5.57589911]
 [ 4.0320449   5.50231623  3.11319922]
 [ 9.81860826 10.61369709  9.92208894]
 [ 6.61859164  4.8783754   5.97037799]
 [ 5.26419506  3.19031181  5.53861349]
 [ 9.96922752  9.62484964 12.14389878]
 [ 4.42977168  5.5191473   5.821547  ]
 [ 5.27507598  5.35879073  4.66941373]
 [ 9.84563002 10.12620178 10.82765439]
 [ 6.74880449  6.58059176  6.86577414]
 [ 6.893441    5.21204509  4.17668821]
 [10.32357984 12.84715905 11.65211938]
 [ 5.60860644  5.64873904  7.53436362]
 [ 3.08899174  5.23228739  4.13629416]
 [11.55441895 11.88600621 13.06853137]
 [ 5.11312331  6.41895881  6.19101642]
 [ 3.68433777  4.75034056  6.79554316]
 [12.35627967 10.04495055  9.87855688]
 [ 5.4610259   5.60023191  5.76322992]
 [ 4.34483992  2.3511045   3.86487924]
 [10.33902756 11.40498083 12.30585074]
 [ 5.59465567  7.25898868  6.47752509]
 [ 4.55127166  3.99844747  4.14624948]
 [11.28180476 10.86142389 11.02951094]
 [ 3.27610257  5.63013053  6.04596903]
 [ 4.241362    5.39642584  5.72813462]
 [10.84385176 10.75594571  9.70286673]
 [ 5.26103695  6.67646578  5.10326336]
 [ 5.50751282  2.64080265  4.82142697]
 [10.75838764  9.81914629 11.11732371]
 [ 6.44408948  4.92644632  3.57503964]
 [ 4.57674834  6.14297924  3.94390726]
 [ 9.17412557 10.53924428  9.77455652]
 [ 6.07965447  5.48699103  5.21395191]
 [ 6.70949359  5.66737876  4.4439008 ]
 [10.07407015 10.05614174 10.65165803]
 [ 5.50999758  5.90224169  6.58089942]
 [ 3.62995573  5.53196256  4.56611286]
 [10.91270572 10.54861191 10.20144216]
 [ 5.96871044  5.66204267  4.95809802]
 [ 4.08894249  4.59689636  4.77953188]
 [ 8.78593234  9.88874405  9.01055844]
 [ 7.39538886  6.33728     6.38683353]
 [ 3.64781156  6.46064223  4.05355904]
 [ 9.42825697 10.02878396  9.88606243]
 [ 5.17611552  5.91148476  6.03940446]
 [ 5.34410269  5.91728192  4.7905285 ]
 [ 9.86772832  9.65151986  9.99639584]
 [ 3.33102826  4.95379412  5.55218632]
 [ 4.00555271  5.39625349  5.53089937]
 [ 9.42407196  9.36456374 10.2342651 ]
 [ 6.82986178  6.45857128  4.73075825]
 [ 6.04504894  5.14438409  4.65916388]
 [ 8.96173172  8.96519267 10.31488192]
 [ 6.20368643  7.31609483  5.85450422]
 [ 4.74951705  4.94482805  5.52681377]
 [ 9.47883598  9.65327027 10.54694139]
 [ 7.1908092   6.71520533  7.34964518]
 [ 5.24790355  4.82138561  4.89091926]
 [ 9.59078189  9.10906399  8.98729368]
 [ 6.56006899  5.35554371  5.28738198]
 [ 6.17929891  4.10262445  4.11670738]
 [ 9.35464684  9.83074793  9.73085662]
 [ 5.80688348  6.20011959  7.01524607]
 [ 6.52275549  4.45238669  4.52996935]
 [ 8.43475104  9.73206905  9.45288568]
 [ 7.47252352  6.98454183  6.77416985]
 [ 5.32070616  5.80501326  5.13693305]
 [10.30124827  9.15984821  9.2413675 ]
 [ 7.33489828  8.7089408   6.11580084]
 [ 6.09083096  4.27385023  5.30199883]
 [10.43039315 10.06305002 10.61896689]
 [ 5.26941132  7.2716621   6.90767668]
 [ 4.71345063  3.86303711  3.57764931]
 [ 9.5271629   8.83307542 10.28020999]
 [ 7.86794864  5.57171746  6.29576207]
 [ 6.7333622   5.3077369   5.47884173]
 [10.11773628  9.3757069  10.36476425]
 [ 7.53224114  6.23530013  6.95090435]
 [ 4.85006627  5.40145779  5.31917363]
 [10.74985839  9.77092217  9.30971375]
 [ 5.50780736  6.16789279  5.73859811]
 [ 4.10419373  5.58274117  4.71090707]
 [ 9.33088541 10.53717827 10.29167569]
 [ 6.29402056  6.00124519  6.03661483]
 [ 5.2269037   6.65110618  3.33843296]
 [10.63024055  9.55172726  9.26158342]
 [ 7.30178968  6.55712201  5.91866172]
 [ 4.9360515   5.3648015   6.85559766]
 [10.28490456  9.63173577 10.2393513 ]
 [ 6.91397112  7.1322405   6.55638033]
 [ 2.71640943  3.56960572  5.0122935 ]
 [10.40240238  9.54713954 10.10507996]
 [ 4.93074585  6.22361096  6.22131832]
 [ 3.88286994  4.7863466   3.28385583]
 [10.0771313   9.20803321 10.49410927]
 [ 6.46197599  5.64670731  5.88861305]
 [ 4.54025971  5.0884055   4.60645135]
 [10.03713471 10.05277754  7.98613189]
 [ 6.94820863  6.71274787  7.39721778]
 [ 4.45526378  3.62079712  4.67444273]
 [ 9.0332755  11.14153432  9.95346109]
 [ 3.78611409  5.49013601  6.75410493]
 [ 4.37567425  6.1680229   2.00268781]
 [11.56320351  9.12680076 10.43539246]
 [ 4.17113632  6.14863441  5.79292864]
 [ 4.25606603  5.42961823  5.44763897]
 [10.21843995 10.52369609 11.76731801]
 [ 5.71031953  7.42118476  6.87971943]
 [ 4.99075558  3.31496257  5.42135918]
 [ 9.70044315 10.417153   11.66474645]
 [ 5.25126185  7.09371749  5.06803   ]
 [ 5.29675342  4.77135257  3.73046201]
 [11.34057194 10.74775665 11.94652619]
 [ 5.80148738  4.4248941   5.32678926]
 [ 4.18448323  4.23330348  4.40791688]
 [10.85671173 10.9860633  10.93161209]
 [ 5.72490186  5.60863605  6.44885997]
 [ 4.08685465  5.95573386  3.41730126]
 [11.68622063 10.1024269  10.78336563]
 [ 6.07656175  5.31910814  6.11658151]
 [ 3.94955148  5.37929316  4.82037606]
 [10.63863025  9.79265527 10.94464927]
 [ 5.52915408  6.85449519  4.47818742]
 [ 4.36996202  2.75855026  3.16668223]
 [10.76332278  9.88519396 10.43283885]
 [ 5.67515691  6.38649076  5.8097306 ]
 [ 3.10303117  4.51608907  6.04557012]
 [11.2718561  10.34657248 10.39975615]
 [ 6.08026496  5.93615795  5.78401553]
 [ 4.98603963  5.51956166  6.77008748]
 [ 9.13515672  8.52805768 10.83664316]
 [ 4.78089677  6.3702385   5.31295627]
 [ 5.66057022  5.79718673  5.44011003]
 [ 9.6650039  10.73755405  9.83042194]
 [ 4.7047078   5.42497598  6.17680094]
 [ 6.98755448  4.77184275  5.22498967]
 [10.27791314  9.81016543  9.0728982 ]
 [ 8.99140409  5.85477015  7.66545127]
 [ 6.77904819  4.48865508  4.52066585]
 [10.38462716 10.47094989  9.04236885]
 [ 6.09020017  6.40312318  7.3030819 ]
 [ 4.00987648  7.08727883  5.81706765]
 [10.65387158  9.65020295  8.38751941]
 [ 7.15469997  6.62409647  4.92395874]
 [ 7.15004377  5.09766734  5.46892929]
 [10.69252701 10.03609613 10.68816956]
 [ 5.8123403   6.77794853  5.82451595]
 [ 5.77325695  5.73835486  5.88008347]
 [ 9.68217052 10.06337375 10.40476259]
 [ 6.64161902  5.76252579  6.04879402]
 [ 7.47068371  6.92729375  5.97375556]
 [11.21506032 10.13783436 10.2125533 ]
 [ 5.21767968  6.29962959  6.45852585]
 [ 6.28340897  5.34170799  4.65217792]
 [10.71397923 10.63437554 11.11694669]
 [ 6.51090543  6.32419615  6.70737982]
 [ 4.07150109  5.99506369  7.64782125]
 [10.8693098   9.84991625 11.39434143]
 [ 5.67825162  4.9042232   4.3507637 ]
 [ 5.37997245  5.46427369  5.25675635]
 [10.1148101  10.80619397 11.81301499]]

End of simulation 2020-04-20 11:05:19

Simulation took 43.65876819690069 minutes
**************************************************
**************************************************
New simulation started at: 2020-04-20 11:19:48
number of episodes: 3
max steps per episodes: 1500
learning rate: 0.1
discount rate: 0.99
exploration rate: 1
max exploration rate: 0.01
min exploration rate: 1
exploration decay rate: 0.005

episode 0
step : 1129
rewards: 498
episode 1
step : 1129
rewards: 498
episode 2
step : 1129
rewards: 568

The Qtable for this simulation is given below:
[[6.36347576e-01 6.09570300e-01 1.12945600e+00]
 [5.79900000e-01 0.00000000e+00 2.52612130e-01]
 [8.91716459e-01 2.00708749e+00 1.97269507e+00]
 [7.02438180e-01 7.30713921e-02 5.01570986e-01]
 [0.00000000e+00 3.89801645e-01 4.18437860e-01]
 [0.00000000e+00 4.57226629e-01 9.31915618e-01]
 [3.46311895e-01 1.16350070e+00 1.33442106e+00]
 [0.00000000e+00 5.13963466e-01 0.00000000e+00]
 [5.18685222e-01 2.14088134e-01 1.86601610e+00]
 [7.81099508e-01 4.01139111e-01 0.00000000e+00]
 [0.00000000e+00 2.22911887e-01 0.00000000e+00]
 [1.10402508e+00 1.25824975e+00 1.55823503e+00]
 [2.54599427e-01 6.86248503e-01 7.36619418e-01]
 [0.00000000e+00 3.36008064e-01 0.00000000e+00]
 [6.55859268e-01 1.16829609e+00 3.17038995e-01]
 [4.90055379e-01 9.37971464e-01 9.55125461e-01]
 [0.00000000e+00 0.00000000e+00 0.00000000e+00]
 [1.90796324e+00 0.00000000e+00 1.07251502e+00]
 [6.00009577e-01 6.59110400e-01 3.97922106e-01]
 [6.02640300e-01 6.73913094e-01 0.00000000e+00]
 [2.22199456e+00 2.01676182e+00 2.43184146e+00]
 [9.66987003e-01 0.00000000e+00 6.30105052e-01]
 [0.00000000e+00 0.00000000e+00 0.00000000e+00]
 [1.76543486e+00 1.80202955e+00 9.54546246e-01]
 [0.00000000e+00 3.00000000e-01 0.00000000e+00]
 [0.00000000e+00 0.00000000e+00 1.28196508e-01]
 [3.58545154e-01 4.01752569e-01 8.89699666e-01]
 [1.16908715e+00 0.00000000e+00 0.00000000e+00]
 [0.00000000e+00 3.33453706e-01 1.00000000e-01]
 [3.47825653e-01 1.42770332e+00 1.38327371e+00]
 [0.00000000e+00 0.00000000e+00 0.00000000e+00]
 [2.73940300e-01 0.00000000e+00 0.00000000e+00]
 [1.45403077e+00 1.74066447e+00 1.13178741e+00]
 [0.00000000e+00 3.14929829e-01 0.00000000e+00]
 [8.66183024e-02 0.00000000e+00 0.00000000e+00]
 [2.12570482e+00 1.16396114e-01 1.29621326e+00]
 [2.00000000e-01 1.68390099e-01 6.90809080e-01]
 [1.54406286e-01 0.00000000e+00 6.11197527e-01]
 [1.52460873e+00 9.78670531e-01 9.78779099e-01]
 [0.00000000e+00 0.00000000e+00 0.00000000e+00]
 [0.00000000e+00 3.99800000e-01 2.49076270e-01]
 [1.52170074e+00 1.22767892e+00 1.66515253e+00]
 [0.00000000e+00 0.00000000e+00 1.34481663e+00]
 [0.00000000e+00 0.00000000e+00 7.62051233e-01]
 [1.20072423e+00 6.85552546e-01 1.94505067e+00]
 [9.90000000e-03 2.09790100e-01 1.00000000e-01]
 [7.10701516e-01 0.00000000e+00 0.00000000e+00]
 [1.18337850e+00 1.53393342e+00 1.35121458e+00]
 [1.99900000e-01 6.53400000e-02 0.00000000e+00]
 [6.02879696e-01 0.00000000e+00 0.00000000e+00]
 [2.41252574e+00 1.43386464e+00 2.24286417e+00]
 [8.49184442e-01 0.00000000e+00 5.64300000e-02]
 [4.23875856e-01 6.74187001e-01 0.00000000e+00]
 [1.67207042e+00 2.28727370e+00 2.05981906e+00]
 [0.00000000e+00 0.00000000e+00 0.00000000e+00]
 [6.45994945e-01 9.13819444e-01 0.00000000e+00]
 [3.49902258e-01 1.69495937e+00 2.60651775e+00]
 [0.00000000e+00 0.00000000e+00 0.00000000e+00]
 [3.04556379e-01 3.44083287e-01 8.51300269e-01]
 [1.16459333e+00 1.49763307e+00 1.45962541e+00]
 [0.00000000e+00 0.00000000e+00 3.42361907e-01]
 [4.45285730e-01 3.89010930e-01 0.00000000e+00]
 [1.25113987e+00 1.43799906e+00 2.11602629e+00]
 [0.00000000e+00 0.00000000e+00 0.00000000e+00]
 [8.29423036e-01 1.88999519e+00 6.77991305e-01]
 [1.40928517e+00 2.14297884e+00 3.28014398e+00]
 [0.00000000e+00 0.00000000e+00 0.00000000e+00]
 [5.97596053e-01 8.99100300e-01 5.16660893e-03]
 [8.31730243e-01 9.84667296e-01 1.99873467e+00]
 [0.00000000e+00 1.49842493e-01 0.00000000e+00]
 [7.50287802e-01 0.00000000e+00 4.16998288e-01]
 [1.37965240e+00 8.01070963e-01 1.80444776e+00]
 [5.70000000e-01 0.00000000e+00 0.00000000e+00]
 [4.77868756e-01 6.84951320e-02 0.00000000e+00]
 [1.82213214e+00 2.75913355e+00 2.08555424e+00]
 [0.00000000e+00 0.00000000e+00 0.00000000e+00]
 [0.00000000e+00 7.20980572e-01 0.00000000e+00]
 [4.45201280e-01 1.31618278e+00 1.40691171e+00]
 [0.00000000e+00 0.00000000e+00 1.28403000e-02]
 [0.00000000e+00 0.00000000e+00 2.58495132e-01]
 [1.30734666e+00 1.36450153e+00 9.07656616e-01]
 [4.81833560e-01 0.00000000e+00 0.00000000e+00]
 [6.91870020e-01 3.69766368e-01 3.00000000e-01]
 [2.80067977e+00 9.01619480e-01 2.66798011e+00]
 [0.00000000e+00 0.00000000e+00 3.06091201e-01]
 [4.46171644e-01 1.01123150e+00 1.09460897e+00]
 [0.00000000e+00 1.83670262e+00 1.43556911e+00]
 [0.00000000e+00 3.08379776e-01 0.00000000e+00]
 [1.58597979e+00 5.52235819e-01 5.29692243e-01]
 [2.57395761e+00 4.39953722e-01 7.49637140e-01]
 [0.00000000e+00 6.81619655e-01 0.00000000e+00]
 [0.00000000e+00 0.00000000e+00 3.13796845e-01]
 [1.65770955e+00 1.25815354e+00 1.89272679e+00]
 [6.01660200e-01 0.00000000e+00 6.55558224e-01]
 [0.00000000e+00 1.17647337e+00 0.00000000e+00]
 [8.46165043e-01 1.05647951e+00 1.49085526e+00]
 [1.15960472e+00 0.00000000e+00 0.00000000e+00]
 [0.00000000e+00 0.00000000e+00 8.40537661e-01]
 [5.31121568e-01 8.41944196e-01 1.29331079e+00]
 [9.85495791e-01 0.00000000e+00 0.00000000e+00]
 [5.24635007e-01 8.69089422e-01 3.45975597e-02]
 [1.60143817e+00 4.22017690e-01 6.55022190e-01]
 [0.00000000e+00 0.00000000e+00 0.00000000e+00]
 [6.09729129e-01 7.14635007e-01 6.71886669e-01]
 [1.46929012e+00 1.17886761e+00 1.21643972e+00]
 [1.08634558e-01 1.38820997e+00 0.00000000e+00]
 [0.00000000e+00 5.38821064e-01 0.00000000e+00]
 [1.22975106e+00 1.57412780e+00 1.78205984e-01]
 [0.00000000e+00 0.00000000e+00 9.69916128e-01]
 [0.00000000e+00 0.00000000e+00 0.00000000e+00]
 [1.61654943e+00 1.34245257e+00 1.25752040e+00]
 [0.00000000e+00 0.00000000e+00 0.00000000e+00]
 [1.04160310e-01 0.00000000e+00 3.46916128e-01]
 [1.20520125e+00 8.05754058e-01 1.91113869e+00]
 [0.00000000e+00 3.31796493e-01 1.32259771e+00]
 [4.66615548e-01 4.18753123e-01 8.36537693e-01]
 [3.79730446e-01 7.26385958e-01 1.92636978e+00]
 [1.99900000e-01 0.00000000e+00 9.20387981e-01]
 [6.05498478e-01 1.14685988e+00 1.51095283e-01]
 [1.12811093e+00 2.85737933e-01 1.46410363e+00]
 [0.00000000e+00 0.00000000e+00 4.03561771e-01]
 [2.11514811e-01 1.00000000e-01 5.16113966e-01]
 [8.12617135e-01 1.12641223e+00 4.94687510e-02]
 [0.00000000e+00 2.09800000e-01 0.00000000e+00]
 [0.00000000e+00 4.43539081e-01 1.43539081e-01]
 [7.03508318e-01 7.02633812e-01 1.49606227e+00]
 [4.09700000e-01 0.00000000e+00 0.00000000e+00]
 [1.44988971e+00 9.44742986e-01 8.31549123e-01]
 [1.56765155e+00 1.58188925e+00 9.45228944e-01]
 [5.89800000e-01 0.00000000e+00 0.00000000e+00]
 [8.54975473e-02 0.00000000e+00 9.15017813e-01]
 [1.25152704e+00 9.41376209e-01 1.16740971e+00]
 [0.00000000e+00 3.89900000e-01 0.00000000e+00]
 [0.00000000e+00 5.45573797e-02 0.00000000e+00]
 [1.04943829e+00 2.25085569e+00 2.71037588e+00]
 [0.00000000e+00 0.00000000e+00 0.00000000e+00]
 [3.28418695e-01 9.26262634e-01 1.81598685e-01]
 [1.78888492e+00 1.88915724e+00 2.01483942e+00]
 [0.00000000e+00 0.00000000e+00 2.25286570e-01]
 [1.18086105e+00 3.07326183e-01 3.16905244e-01]
 [1.61518326e+00 1.79466741e+00 1.69691360e-01]
 [0.00000000e+00 0.00000000e+00 7.56434642e-01]
 [1.63743803e+00 6.49233279e-01 1.49570782e+00]
 [1.36228946e+00 1.85886298e+00 2.28885068e+00]
 [1.05811093e+00 0.00000000e+00 0.00000000e+00]
 [2.72318223e-01 1.34389214e+00 8.00737483e-01]
 [5.18035155e-01 1.50038082e+00 1.77083769e+00]
 [0.00000000e+00 0.00000000e+00 0.00000000e+00]
 [8.29756613e-01 6.53576622e-01 5.26010761e-01]
 [1.12131466e+00 1.25568407e+00 2.06128490e+00]
 [6.56364660e-01 5.97683370e-01 5.98716237e-01]
 [6.81214158e-01 1.49742133e+00 1.58527912e-01]
 [5.68698966e-01 1.53807575e+00 2.06233417e+00]
 [2.73229654e-01 5.41666531e-01 8.32296542e-02]
 [0.00000000e+00 2.65077852e-01 5.89800000e-01]
 [2.00259369e+00 1.41330974e+00 1.81200173e-01]
 [4.63590820e-01 3.80149068e-01 3.96430369e-01]
 [5.59529933e-01 0.00000000e+00 1.37634758e-01]
 [1.31004184e+00 6.29777158e-01 4.55137211e-01]
 [7.61150365e-01 9.44400997e-02 2.20611467e-01]
 [0.00000000e+00 8.18950762e-01 0.00000000e+00]
 [5.83553805e-01 1.88908181e+00 9.72658076e-01]
 [1.09890100e-01 9.80100000e-04 2.19770330e-01]
 [2.60467909e-01 6.98821359e-01 7.09078560e-01]
 [1.12670882e+00 9.97164219e-01 3.74722569e-01]
 [1.99700300e-01 5.77532869e-01 2.87100000e-02]
 [0.00000000e+00 5.99700000e-01 6.68293619e-01]
 [1.54175285e+00 8.84120753e-01 1.37835592e+00]
 [5.71977983e-01 5.45490000e-02 4.34381956e-01]
 [0.00000000e+00 8.26049808e-01 9.58925186e-02]
 [1.41645444e+00 1.33277067e+00 2.15137865e+00]
 [7.81124979e-01 0.00000000e+00 2.39819638e-01]
 [9.79771382e-01 2.21101929e-01 3.95604099e-02]
 [1.16066377e-01 4.06262253e-01 1.41723698e+00]
 [0.00000000e+00 2.20659320e-01 7.10844989e-01]
 [6.21909534e-01 4.82869580e-01 2.96712900e-02]
 [2.35254959e-01 1.08081576e+00 3.39493406e-01]
 [1.37755222e+00 0.00000000e+00 2.50909534e-01]
 [0.00000000e+00 0.00000000e+00 3.61689345e-02]
 [1.75991986e+00 7.96843893e-01 7.45841403e-01]
 [3.65342772e-01 3.60273556e-01 0.00000000e+00]
 [0.00000000e+00 1.03785406e+00 4.14312999e-02]
 [1.54940446e+00 1.64194410e+00 1.24812572e+00]
 [4.09690100e-01 6.21723020e-01 2.18097957e-01]
 [0.00000000e+00 0.00000000e+00 0.00000000e+00]
 [9.83952913e-01 1.33892291e+00 2.02413397e+00]
 [8.56363200e-01 2.49370300e-01 0.00000000e+00]
 [7.76302912e-01 1.05343109e+00 0.00000000e+00]
 [1.91838629e+00 5.39985377e-01 1.51500613e+00]
 [1.82352959e+00 0.00000000e+00 8.62182173e-01]
 [6.05851517e-01 0.00000000e+00 0.00000000e+00]
 [3.17191540e+00 1.39949339e+00 3.00000000e-01]
 [0.00000000e+00 1.09381164e+00 0.00000000e+00]
 [0.00000000e+00 0.00000000e+00 1.31947811e+00]
 [2.00911910e+00 7.17614360e-01 1.09928323e+00]
 [0.00000000e+00 6.09570300e-01 6.82439593e-01]
 [0.00000000e+00 0.00000000e+00 6.41125910e-01]
 [1.48281881e+00 1.21115654e+00 4.85484938e-01]
 [0.00000000e+00 6.58080836e-01 0.00000000e+00]
 [6.56100300e-01 8.90109297e-02 8.56982458e-01]
 [1.75291721e+00 1.64953930e-01 8.72533497e-01]
 [7.89699910e-01 1.91960200e-01 0.00000000e+00]
 [9.98201200e-01 2.77490270e-01 1.74843686e-01]
 [1.87358523e+00 8.77844976e-01 3.82017617e-01]
 [0.00000000e+00 0.00000000e+00 6.52142700e-02]
 [5.70000000e-01 9.01746570e-01 1.33559080e-01]
 [2.41226157e-01 1.62441689e+00 1.02940866e+00]
 [6.10975417e-01 0.00000000e+00 5.88163286e-01]
 [0.00000000e+00 0.00000000e+00 4.28368044e-02]
 [8.83890395e-01 7.32252207e-01 1.59549646e+00]
 [0.00000000e+00 0.00000000e+00 0.00000000e+00]
 [1.44446980e+00 0.00000000e+00 0.00000000e+00]
 [6.96497525e-01 9.07252152e-01 2.13759903e+00]
 [0.00000000e+00 2.16531810e-02 0.00000000e+00]
 [4.32694994e-01 0.00000000e+00 3.38541940e-01]
 [4.14404480e-01 9.32232193e-01 1.26119468e+00]
 [0.00000000e+00 4.33628189e-01 0.00000000e+00]
 [1.88976247e-01 1.08613715e+00 0.00000000e+00]
 [0.00000000e+00 1.08910654e+00 1.42080668e+00]
 [2.31558467e-01 5.64727449e-01 6.24858082e-02]
 [1.36543092e+00 4.29979453e-02 0.00000000e+00]
 [1.73837038e-01 3.34609843e-01 7.45828664e-01]
 [4.07710100e-01 2.09800000e-01 0.00000000e+00]
 [0.00000000e+00 3.24818189e-01 2.67357497e-01]
 [2.46742659e+00 8.53195795e-01 1.01362670e+00]
 [5.54452345e-01 0.00000000e+00 1.59408750e-01]
 [0.00000000e+00 4.66756124e-01 0.00000000e+00]
 [2.48206404e-01 4.78331354e-01 9.20101930e-01]
 [2.37472480e-01 3.13289925e-01 6.09964716e-01]
 [8.69420100e-01 1.56605946e-01 0.00000000e+00]
 [2.34015306e+00 7.23875683e-01 1.89549788e+00]
 [1.35910807e-01 0.00000000e+00 8.41547691e-01]
 [3.48206404e-01 0.00000000e+00 0.00000000e+00]
 [6.50266929e-01 2.57010794e+00 1.44846004e+00]
 [9.39895596e-01 5.45875273e-01 6.95463197e-01]
 [0.00000000e+00 6.10280350e-01 6.70534247e-01]
 [1.52507117e+00 1.00859815e+00 1.48711371e+00]
 [6.01678157e-01 4.31031915e-01 5.94403384e-01]
 [0.00000000e+00 0.00000000e+00 0.00000000e+00]
 [7.49223499e-01 2.00932770e+00 1.15681381e+00]
 [0.00000000e+00 6.40942124e-01 0.00000000e+00]
 [3.00000000e-01 0.00000000e+00 3.31915753e-01]
 [1.17093061e+00 1.09368221e+00 1.05412229e+00]
 [1.80849303e-01 0.00000000e+00 5.65336120e-01]
 [5.72585112e-01 3.44042949e-01 6.77030516e-02]
 [4.01496814e-01 7.37816269e-01 1.04673042e+00]
 [7.68080360e-01 5.86016412e-01 5.70967056e-01]
 [6.83869208e-01 6.12056380e-01 4.53161153e-01]
 [1.05882923e+00 6.86824249e-01 7.29933733e-01]
 [3.35389837e-01 1.35942943e-01 8.92858021e-01]
 [3.41857685e-01 3.42953614e-01 1.09729281e-03]
 [4.06911488e-01 4.22527982e-01 1.10012662e+00]
 [2.30590764e+00 1.73075228e+00 4.34149730e-01]
 [0.00000000e+00 8.92014298e-01 0.00000000e+00]
 [1.07991402e+00 8.67836519e-01 9.65323710e-01]
 [2.98084836e-01 1.64769628e-01 1.78131791e+00]
 [0.00000000e+00 7.13992942e-01 0.00000000e+00]
 [1.19457168e+00 1.71526783e+00 1.67853265e+00]
 [1.94250037e+00 0.00000000e+00 7.51908124e-01]
 [0.00000000e+00 3.15603728e-01 0.00000000e+00]
 [7.91363562e-01 1.15321441e+00 3.45459322e-01]
 [1.29519524e+00 6.58427153e-01 1.45392260e+00]
 [0.00000000e+00 0.00000000e+00 0.00000000e+00]
 [8.39179514e-01 1.50314506e+00 1.09681130e+00]
 [8.42536915e-01 9.45254713e-02 3.31755782e-01]
 [0.00000000e+00 3.38066014e-01 3.11337742e-01]
 [3.25137336e-01 6.93957836e-01 1.24650741e+00]
 [4.13999446e-01 0.00000000e+00 4.85515296e-01]
 [0.00000000e+00 0.00000000e+00 2.18945347e-01]
 [1.03303877e+00 7.15697676e-01 1.20146815e+00]
 [6.54672332e-01 1.54887197e+00 0.00000000e+00]
 [1.38284022e+00 0.00000000e+00 0.00000000e+00]
 [1.68450885e+00 8.13292082e-01 1.73449394e+00]
 [1.15248992e-01 1.06305543e+00 6.58487434e-01]
 [0.00000000e+00 0.00000000e+00 3.01244295e-01]
 [3.80200294e-01 1.05890230e+00 1.19771541e+00]
 [9.69769120e-01 1.15208714e+00 1.09448307e-01]
 [0.00000000e+00 6.95237150e-01 4.76656043e-01]
 [1.13126911e+00 1.04679941e+00 1.24325068e+00]
 [3.83653957e-01 0.00000000e+00 9.02296978e-01]
 [4.51620330e-01 5.93697201e-01 3.12484660e-01]
 [1.23434069e+00 1.82568472e+00 9.85217842e-01]
 [1.34288926e+00 3.29865142e-01 5.06818426e-01]
 [0.00000000e+00 2.80657295e-01 9.91655647e-01]
 [8.83840620e-01 8.86766166e-01 4.97007944e-01]
 [1.29856400e+00 1.82767474e+00 1.09001411e+00]
 [4.66391390e-01 8.14720150e-01 8.09325287e-01]
 [6.77063801e-01 1.71883796e+00 3.79342523e-01]
 [4.09700000e-01 5.96613897e-02 4.67878969e-01]
 [0.00000000e+00 0.00000000e+00 1.06208109e+00]
 [9.51101731e-01 1.14298434e+00 1.43271072e+00]
 [6.17666356e-01 6.56391390e-01 0.00000000e+00]
 [5.99700000e-01 2.50087106e-01 6.76252701e-01]
 [4.52253922e-01 1.17501141e+00 7.88959642e-02]
 [1.59903395e+00 9.69674102e-01 0.00000000e+00]
 [3.99132227e-01 5.05930365e-01 7.59789198e-01]
 [1.82489126e+00 3.75219131e-01 0.00000000e+00]
 [3.49655528e-01 0.00000000e+00 9.41025241e-01]
 [0.00000000e+00 0.00000000e+00 0.00000000e+00]
 [7.96928931e-01 6.01165157e-01 8.26294166e-01]]

End of simulation 2020-04-20 11:20:22

Simulation took 0.5652065674463908 minutes
**************************************************
**************************************************
New simulation started at: 2020-04-20 11:23:56
number of episodes: 3
max steps per episodes: 1500
learning rate: 0.1
discount rate: 0.99
exploration rate: 1
max exploration rate: 0.01
min exploration rate: 1
exploration decay rate: 0.005

episode 0
step : 1129
rewards: 498
episode 1
step : 1129
rewards: 498
episode 2
step : 1129
rewards: 568

The Qtable for this simulation is given below:
[[6.36347576e-01 6.09570300e-01 1.12945600e+00]
 [5.79900000e-01 0.00000000e+00 2.52612130e-01]
 [8.91716459e-01 2.00708749e+00 1.97269507e+00]
 [7.02438180e-01 7.30713921e-02 5.01570986e-01]
 [0.00000000e+00 3.89801645e-01 4.18437860e-01]
 [0.00000000e+00 4.57226629e-01 9.31915618e-01]
 [3.46311895e-01 1.16350070e+00 1.33442106e+00]
 [0.00000000e+00 5.13963466e-01 0.00000000e+00]
 [5.18685222e-01 2.14088134e-01 1.86601610e+00]
 [7.81099508e-01 4.01139111e-01 0.00000000e+00]
 [0.00000000e+00 2.22911887e-01 0.00000000e+00]
 [1.10402508e+00 1.25824975e+00 1.55823503e+00]
 [2.54599427e-01 6.86248503e-01 7.36619418e-01]
 [0.00000000e+00 3.36008064e-01 0.00000000e+00]
 [6.55859268e-01 1.16829609e+00 3.17038995e-01]
 [4.90055379e-01 9.37971464e-01 9.55125461e-01]
 [0.00000000e+00 0.00000000e+00 0.00000000e+00]
 [1.90796324e+00 0.00000000e+00 1.07251502e+00]
 [6.00009577e-01 6.59110400e-01 3.97922106e-01]
 [6.02640300e-01 6.73913094e-01 0.00000000e+00]
 [2.22199456e+00 2.01676182e+00 2.43184146e+00]
 [9.66987003e-01 0.00000000e+00 6.30105052e-01]
 [0.00000000e+00 0.00000000e+00 0.00000000e+00]
 [1.76543486e+00 1.80202955e+00 9.54546246e-01]
 [0.00000000e+00 3.00000000e-01 0.00000000e+00]
 [0.00000000e+00 0.00000000e+00 1.28196508e-01]
 [3.58545154e-01 4.01752569e-01 8.89699666e-01]
 [1.16908715e+00 0.00000000e+00 0.00000000e+00]
 [0.00000000e+00 3.33453706e-01 1.00000000e-01]
 [3.47825653e-01 1.42770332e+00 1.38327371e+00]
 [0.00000000e+00 0.00000000e+00 0.00000000e+00]
 [2.73940300e-01 0.00000000e+00 0.00000000e+00]
 [1.45403077e+00 1.74066447e+00 1.13178741e+00]
 [0.00000000e+00 3.14929829e-01 0.00000000e+00]
 [8.66183024e-02 0.00000000e+00 0.00000000e+00]
 [2.12570482e+00 1.16396114e-01 1.29621326e+00]
 [2.00000000e-01 1.68390099e-01 6.90809080e-01]
 [1.54406286e-01 0.00000000e+00 6.11197527e-01]
 [1.52460873e+00 9.78670531e-01 9.78779099e-01]
 [0.00000000e+00 0.00000000e+00 0.00000000e+00]
 [0.00000000e+00 3.99800000e-01 2.49076270e-01]
 [1.52170074e+00 1.22767892e+00 1.66515253e+00]
 [0.00000000e+00 0.00000000e+00 1.34481663e+00]
 [0.00000000e+00 0.00000000e+00 7.62051233e-01]
 [1.20072423e+00 6.85552546e-01 1.94505067e+00]
 [9.90000000e-03 2.09790100e-01 1.00000000e-01]
 [7.10701516e-01 0.00000000e+00 0.00000000e+00]
 [1.18337850e+00 1.53393342e+00 1.35121458e+00]
 [1.99900000e-01 6.53400000e-02 0.00000000e+00]
 [6.02879696e-01 0.00000000e+00 0.00000000e+00]
 [2.41252574e+00 1.43386464e+00 2.24286417e+00]
 [8.49184442e-01 0.00000000e+00 5.64300000e-02]
 [4.23875856e-01 6.74187001e-01 0.00000000e+00]
 [1.67207042e+00 2.28727370e+00 2.05981906e+00]
 [0.00000000e+00 0.00000000e+00 0.00000000e+00]
 [6.45994945e-01 9.13819444e-01 0.00000000e+00]
 [3.49902258e-01 1.69495937e+00 2.60651775e+00]
 [0.00000000e+00 0.00000000e+00 0.00000000e+00]
 [3.04556379e-01 3.44083287e-01 8.51300269e-01]
 [1.16459333e+00 1.49763307e+00 1.45962541e+00]
 [0.00000000e+00 0.00000000e+00 3.42361907e-01]
 [4.45285730e-01 3.89010930e-01 0.00000000e+00]
 [1.25113987e+00 1.43799906e+00 2.11602629e+00]
 [0.00000000e+00 0.00000000e+00 0.00000000e+00]
 [8.29423036e-01 1.88999519e+00 6.77991305e-01]
 [1.40928517e+00 2.14297884e+00 3.28014398e+00]
 [0.00000000e+00 0.00000000e+00 0.00000000e+00]
 [5.97596053e-01 8.99100300e-01 5.16660893e-03]
 [8.31730243e-01 9.84667296e-01 1.99873467e+00]
 [0.00000000e+00 1.49842493e-01 0.00000000e+00]
 [7.50287802e-01 0.00000000e+00 4.16998288e-01]
 [1.37965240e+00 8.01070963e-01 1.80444776e+00]
 [5.70000000e-01 0.00000000e+00 0.00000000e+00]
 [4.77868756e-01 6.84951320e-02 0.00000000e+00]
 [1.82213214e+00 2.75913355e+00 2.08555424e+00]
 [0.00000000e+00 0.00000000e+00 0.00000000e+00]
 [0.00000000e+00 7.20980572e-01 0.00000000e+00]
 [4.45201280e-01 1.31618278e+00 1.40691171e+00]
 [0.00000000e+00 0.00000000e+00 1.28403000e-02]
 [0.00000000e+00 0.00000000e+00 2.58495132e-01]
 [1.30734666e+00 1.36450153e+00 9.07656616e-01]
 [4.81833560e-01 0.00000000e+00 0.00000000e+00]
 [6.91870020e-01 3.69766368e-01 3.00000000e-01]
 [2.80067977e+00 9.01619480e-01 2.66798011e+00]
 [0.00000000e+00 0.00000000e+00 3.06091201e-01]
 [4.46171644e-01 1.01123150e+00 1.09460897e+00]
 [0.00000000e+00 1.83670262e+00 1.43556911e+00]
 [0.00000000e+00 3.08379776e-01 0.00000000e+00]
 [1.58597979e+00 5.52235819e-01 5.29692243e-01]
 [2.57395761e+00 4.39953722e-01 7.49637140e-01]
 [0.00000000e+00 6.81619655e-01 0.00000000e+00]
 [0.00000000e+00 0.00000000e+00 3.13796845e-01]
 [1.65770955e+00 1.25815354e+00 1.89272679e+00]
 [6.01660200e-01 0.00000000e+00 6.55558224e-01]
 [0.00000000e+00 1.17647337e+00 0.00000000e+00]
 [8.46165043e-01 1.05647951e+00 1.49085526e+00]
 [1.15960472e+00 0.00000000e+00 0.00000000e+00]
 [0.00000000e+00 0.00000000e+00 8.40537661e-01]
 [5.31121568e-01 8.41944196e-01 1.29331079e+00]
 [9.85495791e-01 0.00000000e+00 0.00000000e+00]
 [5.24635007e-01 8.69089422e-01 3.45975597e-02]
 [1.60143817e+00 4.22017690e-01 6.55022190e-01]
 [0.00000000e+00 0.00000000e+00 0.00000000e+00]
 [6.09729129e-01 7.14635007e-01 6.71886669e-01]
 [1.46929012e+00 1.17886761e+00 1.21643972e+00]
 [1.08634558e-01 1.38820997e+00 0.00000000e+00]
 [0.00000000e+00 5.38821064e-01 0.00000000e+00]
 [1.22975106e+00 1.57412780e+00 1.78205984e-01]
 [0.00000000e+00 0.00000000e+00 9.69916128e-01]
 [0.00000000e+00 0.00000000e+00 0.00000000e+00]
 [1.61654943e+00 1.34245257e+00 1.25752040e+00]
 [0.00000000e+00 0.00000000e+00 0.00000000e+00]
 [1.04160310e-01 0.00000000e+00 3.46916128e-01]
 [1.20520125e+00 8.05754058e-01 1.91113869e+00]
 [0.00000000e+00 3.31796493e-01 1.32259771e+00]
 [4.66615548e-01 4.18753123e-01 8.36537693e-01]
 [3.79730446e-01 7.26385958e-01 1.92636978e+00]
 [1.99900000e-01 0.00000000e+00 9.20387981e-01]
 [6.05498478e-01 1.14685988e+00 1.51095283e-01]
 [1.12811093e+00 2.85737933e-01 1.46410363e+00]
 [0.00000000e+00 0.00000000e+00 4.03561771e-01]
 [2.11514811e-01 1.00000000e-01 5.16113966e-01]
 [8.12617135e-01 1.12641223e+00 4.94687510e-02]
 [0.00000000e+00 2.09800000e-01 0.00000000e+00]
 [0.00000000e+00 4.43539081e-01 1.43539081e-01]
 [7.03508318e-01 7.02633812e-01 1.49606227e+00]
 [4.09700000e-01 0.00000000e+00 0.00000000e+00]
 [1.44988971e+00 9.44742986e-01 8.31549123e-01]
 [1.56765155e+00 1.58188925e+00 9.45228944e-01]
 [5.89800000e-01 0.00000000e+00 0.00000000e+00]
 [8.54975473e-02 0.00000000e+00 9.15017813e-01]
 [1.25152704e+00 9.41376209e-01 1.16740971e+00]
 [0.00000000e+00 3.89900000e-01 0.00000000e+00]
 [0.00000000e+00 5.45573797e-02 0.00000000e+00]
 [1.04943829e+00 2.25085569e+00 2.71037588e+00]
 [0.00000000e+00 0.00000000e+00 0.00000000e+00]
 [3.28418695e-01 9.26262634e-01 1.81598685e-01]
 [1.78888492e+00 1.88915724e+00 2.01483942e+00]
 [0.00000000e+00 0.00000000e+00 2.25286570e-01]
 [1.18086105e+00 3.07326183e-01 3.16905244e-01]
 [1.61518326e+00 1.79466741e+00 1.69691360e-01]
 [0.00000000e+00 0.00000000e+00 7.56434642e-01]
 [1.63743803e+00 6.49233279e-01 1.49570782e+00]
 [1.36228946e+00 1.85886298e+00 2.28885068e+00]
 [1.05811093e+00 0.00000000e+00 0.00000000e+00]
 [2.72318223e-01 1.34389214e+00 8.00737483e-01]
 [5.18035155e-01 1.50038082e+00 1.77083769e+00]
 [0.00000000e+00 0.00000000e+00 0.00000000e+00]
 [8.29756613e-01 6.53576622e-01 5.26010761e-01]
 [1.12131466e+00 1.25568407e+00 2.06128490e+00]
 [6.56364660e-01 5.97683370e-01 5.98716237e-01]
 [6.81214158e-01 1.49742133e+00 1.58527912e-01]
 [5.68698966e-01 1.53807575e+00 2.06233417e+00]
 [2.73229654e-01 5.41666531e-01 8.32296542e-02]
 [0.00000000e+00 2.65077852e-01 5.89800000e-01]
 [2.00259369e+00 1.41330974e+00 1.81200173e-01]
 [4.63590820e-01 3.80149068e-01 3.96430369e-01]
 [5.59529933e-01 0.00000000e+00 1.37634758e-01]
 [1.31004184e+00 6.29777158e-01 4.55137211e-01]
 [7.61150365e-01 9.44400997e-02 2.20611467e-01]
 [0.00000000e+00 8.18950762e-01 0.00000000e+00]
 [5.83553805e-01 1.88908181e+00 9.72658076e-01]
 [1.09890100e-01 9.80100000e-04 2.19770330e-01]
 [2.60467909e-01 6.98821359e-01 7.09078560e-01]
 [1.12670882e+00 9.97164219e-01 3.74722569e-01]
 [1.99700300e-01 5.77532869e-01 2.87100000e-02]
 [0.00000000e+00 5.99700000e-01 6.68293619e-01]
 [1.54175285e+00 8.84120753e-01 1.37835592e+00]
 [5.71977983e-01 5.45490000e-02 4.34381956e-01]
 [0.00000000e+00 8.26049808e-01 9.58925186e-02]
 [1.41645444e+00 1.33277067e+00 2.15137865e+00]
 [7.81124979e-01 0.00000000e+00 2.39819638e-01]
 [9.79771382e-01 2.21101929e-01 3.95604099e-02]
 [1.16066377e-01 4.06262253e-01 1.41723698e+00]
 [0.00000000e+00 2.20659320e-01 7.10844989e-01]
 [6.21909534e-01 4.82869580e-01 2.96712900e-02]
 [2.35254959e-01 1.08081576e+00 3.39493406e-01]
 [1.37755222e+00 0.00000000e+00 2.50909534e-01]
 [0.00000000e+00 0.00000000e+00 3.61689345e-02]
 [1.75991986e+00 7.96843893e-01 7.45841403e-01]
 [3.65342772e-01 3.60273556e-01 0.00000000e+00]
 [0.00000000e+00 1.03785406e+00 4.14312999e-02]
 [1.54940446e+00 1.64194410e+00 1.24812572e+00]
 [4.09690100e-01 6.21723020e-01 2.18097957e-01]
 [0.00000000e+00 0.00000000e+00 0.00000000e+00]
 [9.83952913e-01 1.33892291e+00 2.02413397e+00]
 [8.56363200e-01 2.49370300e-01 0.00000000e+00]
 [7.76302912e-01 1.05343109e+00 0.00000000e+00]
 [1.91838629e+00 5.39985377e-01 1.51500613e+00]
 [1.82352959e+00 0.00000000e+00 8.62182173e-01]
 [6.05851517e-01 0.00000000e+00 0.00000000e+00]
 [3.17191540e+00 1.39949339e+00 3.00000000e-01]
 [0.00000000e+00 1.09381164e+00 0.00000000e+00]
 [0.00000000e+00 0.00000000e+00 1.31947811e+00]
 [2.00911910e+00 7.17614360e-01 1.09928323e+00]
 [0.00000000e+00 6.09570300e-01 6.82439593e-01]
 [0.00000000e+00 0.00000000e+00 6.41125910e-01]
 [1.48281881e+00 1.21115654e+00 4.85484938e-01]
 [0.00000000e+00 6.58080836e-01 0.00000000e+00]
 [6.56100300e-01 8.90109297e-02 8.56982458e-01]
 [1.75291721e+00 1.64953930e-01 8.72533497e-01]
 [7.89699910e-01 1.91960200e-01 0.00000000e+00]
 [9.98201200e-01 2.77490270e-01 1.74843686e-01]
 [1.87358523e+00 8.77844976e-01 3.82017617e-01]
 [0.00000000e+00 0.00000000e+00 6.52142700e-02]
 [5.70000000e-01 9.01746570e-01 1.33559080e-01]
 [2.41226157e-01 1.62441689e+00 1.02940866e+00]
 [6.10975417e-01 0.00000000e+00 5.88163286e-01]
 [0.00000000e+00 0.00000000e+00 4.28368044e-02]
 [8.83890395e-01 7.32252207e-01 1.59549646e+00]
 [0.00000000e+00 0.00000000e+00 0.00000000e+00]
 [1.44446980e+00 0.00000000e+00 0.00000000e+00]
 [6.96497525e-01 9.07252152e-01 2.13759903e+00]
 [0.00000000e+00 2.16531810e-02 0.00000000e+00]
 [4.32694994e-01 0.00000000e+00 3.38541940e-01]
 [4.14404480e-01 9.32232193e-01 1.26119468e+00]
 [0.00000000e+00 4.33628189e-01 0.00000000e+00]
 [1.88976247e-01 1.08613715e+00 0.00000000e+00]
 [0.00000000e+00 1.08910654e+00 1.42080668e+00]
 [2.31558467e-01 5.64727449e-01 6.24858082e-02]
 [1.36543092e+00 4.29979453e-02 0.00000000e+00]
 [1.73837038e-01 3.34609843e-01 7.45828664e-01]
 [4.07710100e-01 2.09800000e-01 0.00000000e+00]
 [0.00000000e+00 3.24818189e-01 2.67357497e-01]
 [2.46742659e+00 8.53195795e-01 1.01362670e+00]
 [5.54452345e-01 0.00000000e+00 1.59408750e-01]
 [0.00000000e+00 4.66756124e-01 0.00000000e+00]
 [2.48206404e-01 4.78331354e-01 9.20101930e-01]
 [2.37472480e-01 3.13289925e-01 6.09964716e-01]
 [8.69420100e-01 1.56605946e-01 0.00000000e+00]
 [2.34015306e+00 7.23875683e-01 1.89549788e+00]
 [1.35910807e-01 0.00000000e+00 8.41547691e-01]
 [3.48206404e-01 0.00000000e+00 0.00000000e+00]
 [6.50266929e-01 2.57010794e+00 1.44846004e+00]
 [9.39895596e-01 5.45875273e-01 6.95463197e-01]
 [0.00000000e+00 6.10280350e-01 6.70534247e-01]
 [1.52507117e+00 1.00859815e+00 1.48711371e+00]
 [6.01678157e-01 4.31031915e-01 5.94403384e-01]
 [0.00000000e+00 0.00000000e+00 0.00000000e+00]
 [7.49223499e-01 2.00932770e+00 1.15681381e+00]
 [0.00000000e+00 6.40942124e-01 0.00000000e+00]
 [3.00000000e-01 0.00000000e+00 3.31915753e-01]
 [1.17093061e+00 1.09368221e+00 1.05412229e+00]
 [1.80849303e-01 0.00000000e+00 5.65336120e-01]
 [5.72585112e-01 3.44042949e-01 6.77030516e-02]
 [4.01496814e-01 7.37816269e-01 1.04673042e+00]
 [7.68080360e-01 5.86016412e-01 5.70967056e-01]
 [6.83869208e-01 6.12056380e-01 4.53161153e-01]
 [1.05882923e+00 6.86824249e-01 7.29933733e-01]
 [3.35389837e-01 1.35942943e-01 8.92858021e-01]
 [3.41857685e-01 3.42953614e-01 1.09729281e-03]
 [4.06911488e-01 4.22527982e-01 1.10012662e+00]
 [2.30590764e+00 1.73075228e+00 4.34149730e-01]
 [0.00000000e+00 8.92014298e-01 0.00000000e+00]
 [1.07991402e+00 8.67836519e-01 9.65323710e-01]
 [2.98084836e-01 1.64769628e-01 1.78131791e+00]
 [0.00000000e+00 7.13992942e-01 0.00000000e+00]
 [1.19457168e+00 1.71526783e+00 1.67853265e+00]
 [1.94250037e+00 0.00000000e+00 7.51908124e-01]
 [0.00000000e+00 3.15603728e-01 0.00000000e+00]
 [7.91363562e-01 1.15321441e+00 3.45459322e-01]
 [1.29519524e+00 6.58427153e-01 1.45392260e+00]
 [0.00000000e+00 0.00000000e+00 0.00000000e+00]
 [8.39179514e-01 1.50314506e+00 1.09681130e+00]
 [8.42536915e-01 9.45254713e-02 3.31755782e-01]
 [0.00000000e+00 3.38066014e-01 3.11337742e-01]
 [3.25137336e-01 6.93957836e-01 1.24650741e+00]
 [4.13999446e-01 0.00000000e+00 4.85515296e-01]
 [0.00000000e+00 0.00000000e+00 2.18945347e-01]
 [1.03303877e+00 7.15697676e-01 1.20146815e+00]
 [6.54672332e-01 1.54887197e+00 0.00000000e+00]
 [1.38284022e+00 0.00000000e+00 0.00000000e+00]
 [1.68450885e+00 8.13292082e-01 1.73449394e+00]
 [1.15248992e-01 1.06305543e+00 6.58487434e-01]
 [0.00000000e+00 0.00000000e+00 3.01244295e-01]
 [3.80200294e-01 1.05890230e+00 1.19771541e+00]
 [9.69769120e-01 1.15208714e+00 1.09448307e-01]
 [0.00000000e+00 6.95237150e-01 4.76656043e-01]
 [1.13126911e+00 1.04679941e+00 1.24325068e+00]
 [3.83653957e-01 0.00000000e+00 9.02296978e-01]
 [4.51620330e-01 5.93697201e-01 3.12484660e-01]
 [1.23434069e+00 1.82568472e+00 9.85217842e-01]
 [1.34288926e+00 3.29865142e-01 5.06818426e-01]
 [0.00000000e+00 2.80657295e-01 9.91655647e-01]
 [8.83840620e-01 8.86766166e-01 4.97007944e-01]
 [1.29856400e+00 1.82767474e+00 1.09001411e+00]
 [4.66391390e-01 8.14720150e-01 8.09325287e-01]
 [6.77063801e-01 1.71883796e+00 3.79342523e-01]
 [4.09700000e-01 5.96613897e-02 4.67878969e-01]
 [0.00000000e+00 0.00000000e+00 1.06208109e+00]
 [9.51101731e-01 1.14298434e+00 1.43271072e+00]
 [6.17666356e-01 6.56391390e-01 0.00000000e+00]
 [5.99700000e-01 2.50087106e-01 6.76252701e-01]
 [4.52253922e-01 1.17501141e+00 7.88959642e-02]
 [1.59903395e+00 9.69674102e-01 0.00000000e+00]
 [3.99132227e-01 5.05930365e-01 7.59789198e-01]
 [1.82489126e+00 3.75219131e-01 0.00000000e+00]
 [3.49655528e-01 0.00000000e+00 9.41025241e-01]
 [0.00000000e+00 0.00000000e+00 0.00000000e+00]
 [7.96928931e-01 6.01165157e-01 8.26294166e-01]]

End of simulation 2020-04-20 11:24:30

Simulation took 0.5546565175056457 minutes
**************************************************
**************************************************
New simulation started at: 2020-04-20 11:53:28
number of episodes: 3
max steps per episodes: 1500
learning rate: 0.1
discount rate: 0.99
exploration rate: 1
max exploration rate: 0.01
min exploration rate: 1
exploration decay rate: 0.005

episode 0
step : 1129
rewards: 498
episode 1
step : 1129
rewards: 498
episode 2
step : 1162
rewards: 474

The Qtable for this simulation is given below:
[[1.36087405e+00 1.25179640e+00 2.16324822e+00]
 [1.09594692e+00 0.00000000e+00 8.13689746e-01]
 [1.38326186e+00 2.94492928e+00 3.04912794e+00]
 [1.47099503e+00 6.16995893e-01 1.44253189e+00]
 [0.00000000e+00 3.89801645e-01 1.05867406e+00]
 [0.00000000e+00 4.57226629e-01 1.74349950e+00]
 [1.26868233e+00 2.38523879e+00 2.56416655e+00]
 [0.00000000e+00 1.16016612e+00 0.00000000e+00]
 [1.56477874e+00 1.25399850e+00 2.83552577e+00]
 [1.59138551e+00 9.35961326e-01 0.00000000e+00]
 [0.00000000e+00 8.31076644e-01 0.00000000e+00]
 [2.53698914e+00 2.30441209e+00 2.89231141e+00]
 [5.66004429e-01 1.67508027e+00 1.48349671e+00]
 [0.00000000e+00 1.00998921e+00 0.00000000e+00]
 [1.14433367e+00 2.72025573e+00 1.02032702e+00]
 [1.43643100e+00 1.55141019e+00 1.54766412e+00]
 [0.00000000e+00 0.00000000e+00 3.49633657e-01]
 [3.08327813e+00 0.00000000e+00 2.29058908e+00]
 [1.22383044e+00 2.02606683e+00 1.62152345e+00]
 [1.21492487e+00 1.67299743e+00 0.00000000e+00]
 [3.72612069e+00 3.66360758e+00 4.09063081e+00]
 [2.65308194e+00 0.00000000e+00 1.46289576e+00]
 [0.00000000e+00 0.00000000e+00 0.00000000e+00]
 [3.27144219e+00 2.89309495e+00 2.25489705e+00]
 [0.00000000e+00 3.00000000e-01 0.00000000e+00]
 [0.00000000e+00 0.00000000e+00 4.15376857e-01]
 [6.82544119e-01 1.07068173e+00 1.88554880e+00]
 [2.52089764e+00 0.00000000e+00 6.60229258e-01]
 [0.00000000e+00 3.33453706e-01 1.00000000e-01]
 [1.65700761e+00 3.06727134e+00 2.36697169e+00]
 [3.11956153e-01 0.00000000e+00 0.00000000e+00]
 [5.11377740e-01 3.59899814e-01 0.00000000e+00]
 [2.35507318e+00 2.32641445e+00 2.25663390e+00]
 [0.00000000e+00 9.19361245e-01 1.49484844e-01]
 [4.65683262e-01 0.00000000e+00 3.11780531e-02]
 [3.11249381e+00 7.00534666e-01 2.10527353e+00]
 [4.80000000e-01 4.01035933e-01 1.80843797e+00]
 [6.82743857e-01 0.00000000e+00 1.20346786e+00]
 [2.74290131e+00 2.44695994e+00 1.75561027e+00]
 [0.00000000e+00 1.50618947e-01 1.20769220e-01]
 [0.00000000e+00 1.14551592e+00 8.06249305e-01]
 [1.72818921e+00 2.47606077e+00 3.35245667e+00]
 [6.13275840e-02 0.00000000e+00 2.37207010e+00]
 [0.00000000e+00 4.67063277e-01 1.75414206e+00]
 [2.25984251e+00 2.01896431e+00 2.97525422e+00]
 [7.58321760e-01 5.07305241e-01 6.18232224e-01]
 [1.67034844e+00 0.00000000e+00 0.00000000e+00]
 [2.32621680e+00 3.55769421e+00 3.32521018e+00]
 [3.04436100e-01 5.11302493e-01 2.58913582e-01]
 [1.22788662e+00 3.82154693e-01 0.00000000e+00]
 [3.94265139e+00 3.19861136e+00 3.68274285e+00]
 [1.60518770e+00 3.32526692e-01 4.65032383e-01]
 [9.30652251e-01 1.54739182e+00 0.00000000e+00]
 [3.69534445e+00 4.29356625e+00 4.56237356e+00]
 [0.00000000e+00 3.42805429e-01 0.00000000e+00]
 [1.42944198e+00 1.83994640e+00 0.00000000e+00]
 [3.49902258e-01 2.71770318e+00 3.62012549e+00]
 [0.00000000e+00 6.34398275e-01 4.89352490e-01]
 [6.86427239e-01 3.44083287e-01 2.03254288e+00]
 [2.89387385e+00 2.76214132e+00 2.30057127e+00]
 [0.00000000e+00 9.69418168e-01 3.42361907e-01]
 [1.29544670e+00 3.89010930e-01 0.00000000e+00]
 [1.96769962e+00 3.45594418e+00 3.67490256e+00]
 [2.61799791e-01 0.00000000e+00 2.00000000e-01]
 [1.75122930e+00 3.95465150e+00 1.96735425e+00]
 [3.04751704e+00 4.36688398e+00 5.63427180e+00]
 [0.00000000e+00 0.00000000e+00 1.46091522e+00]
 [1.11967547e+00 1.79550600e+00 8.30108893e-02]
 [2.18603301e+00 1.43261231e+00 3.28347226e+00]
 [0.00000000e+00 6.61816278e-01 0.00000000e+00]
 [1.88347464e+00 0.00000000e+00 1.23326335e+00]
 [3.24433254e+00 2.79152286e+00 2.94481006e+00]
 [1.03698814e+00 0.00000000e+00 0.00000000e+00]
 [1.02409283e+00 6.84951320e-02 0.00000000e+00]
 [4.14542371e+00 4.84216938e+00 4.28672674e+00]
 [0.00000000e+00 9.41286908e-03 3.90655590e-01]
 [0.00000000e+00 1.61674477e+00 0.00000000e+00]
 [1.92255439e+00 2.32307282e+00 2.42771770e+00]
 [3.17730852e-01 1.07184325e+00 4.47881746e-01]
 [0.00000000e+00 0.00000000e+00 2.58495132e-01]
 [2.47177611e+00 3.06749782e+00 2.80111708e+00]
 [4.95015569e-01 3.88012406e-01 0.00000000e+00]
 [1.57904884e+00 8.05937878e-01 3.00000000e-01]
 [4.87771080e+00 2.31208828e+00 4.80056384e+00]
 [0.00000000e+00 0.00000000e+00 1.13064238e+00]
 [1.00996073e+00 2.12732890e+00 2.29911776e+00]
 [6.95162857e-01 3.40524359e+00 2.69232381e+00]
 [1.01841308e+00 5.24306287e-01 1.61365365e-01]
 [2.85593101e+00 1.43549747e+00 1.12248877e+00]
 [4.18755246e+00 8.04996640e-01 2.41998678e+00]
 [1.38514035e-01 1.48246959e+00 2.46764489e-01]
 [0.00000000e+00 0.00000000e+00 9.00529528e-01]
 [2.98806132e+00 1.25815354e+00 3.47400591e+00]
 [1.23382341e+00 5.83283365e-01 1.69773254e+00]
 [2.28709184e-01 2.79569876e+00 4.45735232e-01]
 [1.82526736e+00 2.66275705e+00 2.44110699e+00]
 [2.27261878e+00 0.00000000e+00 0.00000000e+00]
 [5.75798447e-01 3.67606680e-01 1.30009276e+00]
 [1.71010970e+00 1.28638788e+00 2.90401250e+00]
 [2.20629952e+00 0.00000000e+00 3.56932379e-01]
 [1.19019490e+00 1.69299677e+00 2.96165502e-01]
 [2.62791079e+00 1.20114214e+00 1.33982523e+00]
 [1.00000000e-01 3.63962753e-01 0.00000000e+00]
 [1.21204696e+00 1.53409490e+00 1.36564382e+00]
 [2.61224477e+00 2.39058171e+00 2.07182780e+00]
 [7.65172805e-01 2.59999755e+00 0.00000000e+00]
 [0.00000000e+00 1.16402424e+00 0.00000000e+00]
 [2.22888364e+00 3.44356074e+00 1.43460741e+00]
 [0.00000000e+00 6.45740868e-01 2.08480360e+00]
 [0.00000000e+00 8.59787019e-02 5.43711409e-01]
 [2.64225909e+00 2.81277630e+00 3.20177518e+00]
 [5.58257510e-01 6.29370300e-01 3.00000000e-01]
 [3.72289545e-01 5.63934372e-01 8.68471736e-01]
 [2.22962219e+00 1.64538040e+00 3.08072688e+00]
 [0.00000000e+00 1.29495711e+00 2.60866171e+00]
 [4.66615548e-01 1.16092114e+00 1.85792294e+00]
 [1.00711002e+00 1.49234945e+00 2.80530821e+00]
 [4.03220830e-01 3.45394190e-01 1.74294264e+00]
 [1.22508865e+00 2.22993790e+00 1.51095283e-01]
 [2.87453641e+00 1.40063238e+00 2.75939997e+00]
 [0.00000000e+00 0.00000000e+00 1.01084896e+00]
 [4.34273699e-01 1.00000000e-01 1.38918959e+00]
 [2.16642786e+00 2.20131618e+00 1.16899316e+00]
 [3.74574609e-01 4.58527170e-01 0.00000000e+00]
 [0.00000000e+00 8.85019826e-01 1.43539081e-01]
 [2.03246097e+00 1.38974892e+00 2.09034312e+00]
 [8.50480770e-01 0.00000000e+00 0.00000000e+00]
 [2.79709399e+00 1.80205755e+00 1.79126715e+00]
 [3.48414994e+00 2.99600422e+00 2.80048648e+00]
 [1.13922621e+00 0.00000000e+00 0.00000000e+00]
 [8.54975473e-02 4.45943865e-01 1.87711771e+00]
 [2.72345597e+00 2.78995406e+00 2.61802488e+00]
 [1.29893938e+00 7.53278883e-01 4.57117148e-01]
 [7.45746094e-02 2.97257629e-01 0.00000000e+00]
 [1.33454073e+00 4.23657079e+00 4.55097575e+00]
 [0.00000000e+00 0.00000000e+00 3.55861185e-01]
 [7.50514852e-01 2.13213314e+00 6.14566093e-01]
 [2.86859527e+00 2.55848797e+00 3.76433694e+00]
 [0.00000000e+00 0.00000000e+00 9.35490181e-01]
 [2.83411912e+00 7.85717985e-01 7.31158585e-01]
 [3.22798417e+00 3.27952704e+00 5.61846645e-01]
 [0.00000000e+00 0.00000000e+00 1.77643340e+00]
 [3.01278580e+00 6.49233279e-01 2.83630373e+00]
 [2.87084894e+00 3.50314608e+00 4.32008459e+00]
 [2.29960835e+00 3.51575669e-01 0.00000000e+00]
 [2.72318223e-01 2.91657895e+00 1.16363722e+00]
 [1.77117486e+00 3.07831872e+00 3.50475100e+00]
 [1.00000000e-01 0.00000000e+00 3.65863638e-01]
 [1.76805522e+00 1.70646963e+00 5.26010761e-01]
 [2.83407523e+00 2.67519721e+00 3.58398963e+00]
 [1.30132216e+00 1.18111389e+00 1.18931554e+00]
 [1.44508321e+00 2.11741079e+00 1.58527912e-01]
 [1.99511921e+00 3.55126938e+00 3.22592205e+00]
 [5.91651948e-01 1.02813584e+00 2.47751948e-01]
 [0.00000000e+00 2.65077852e-01 1.45142564e+00]
 [3.00287819e+00 2.85785354e+00 7.96175309e-01]
 [9.94961821e-01 7.41015018e-01 5.06984801e-01]
 [9.77441767e-01 3.61980641e-01 9.94614529e-01]
 [2.64569950e+00 9.23829569e-01 1.57087776e+00]
 [1.51656360e+00 3.81255682e-01 6.76914886e-01]
 [0.00000000e+00 1.56560297e+00 0.00000000e+00]
 [2.02284036e+00 4.06553685e+00 2.39501737e+00]
 [1.97530619e-01 2.37106524e-01 6.87814979e-01]
 [2.60467909e-01 9.56053728e-01 1.11358980e+00]
 [2.46897803e+00 2.21971321e+00 7.57361377e-01]
 [5.46335076e-01 5.75226200e-01 1.61394646e-01]
 [0.00000000e+00 1.40121777e+00 1.15986364e+00]
 [3.38010992e+00 1.66686035e+00 2.59079482e+00]
 [1.17910209e+00 5.81774735e-01 1.04652314e+00]
 [0.00000000e+00 1.81048496e+00 3.57201930e-01]
 [2.97339633e+00 3.12896361e+00 4.14772055e+00]
 [1.22174533e+00 3.50683721e-01 2.39819638e-01]
 [1.89829975e+00 5.81628784e-01 6.26461922e-01]
 [6.88076320e-01 1.33771257e+00 2.46798168e+00]
 [0.00000000e+00 6.44312751e-01 1.23293118e+00]
 [1.38259334e+00 8.70452127e-01 1.58377228e-01]
 [1.70627444e+00 1.90948243e+00 1.05356793e+00]
 [1.79270893e+00 0.00000000e+00 4.83370282e-01]
 [0.00000000e+00 0.00000000e+00 1.32552041e-01]
 [3.69292290e+00 1.89774785e+00 1.78026025e+00]
 [1.05401654e+00 7.01963144e-01 0.00000000e+00]
 [5.23916353e-01 2.08182910e+00 2.03797499e-01]
 [3.51956022e+00 2.25540257e+00 2.88297817e+00]
 [9.08987805e-01 1.33870147e+00 5.72377856e-01]
 [0.00000000e+00 0.00000000e+00 2.23916353e-01]
 [2.80562912e+00 2.85711223e+00 3.33176321e+00]
 [1.97946985e+00 1.45355078e+00 0.00000000e+00]
 [2.31017803e+00 2.26178134e+00 0.00000000e+00]
 [4.14846274e+00 1.93587669e+00 3.90174023e+00]
 [2.85852161e+00 0.00000000e+00 1.74233878e+00]
 [6.05851517e-01 0.00000000e+00 0.00000000e+00]
 [5.55162901e+00 2.86682837e+00 7.79565153e-01]
 [0.00000000e+00 2.04853829e+00 0.00000000e+00]
 [0.00000000e+00 3.33060433e-01 2.52192660e+00]
 [3.66361394e+00 1.43815576e+00 2.21739050e+00]
 [9.86662863e-01 1.95577558e+00 2.05232912e+00]
 [2.53135708e-01 3.50584313e-01 1.34404477e+00]
 [2.99729092e+00 2.15671092e+00 4.85484938e-01]
 [0.00000000e+00 1.40806065e+00 0.00000000e+00]
 [1.62691825e+00 8.90109297e-02 1.52105367e+00]
 [3.12692074e+00 4.52009281e-01 1.37752109e+00]
 [1.54682534e+00 3.64479508e-01 2.23736254e-02]
 [1.88327159e+00 4.96223144e-01 3.80447862e-01]
 [3.54558363e+00 1.40873815e+00 1.01260699e+00]
 [0.00000000e+00 1.00000000e-01 4.32152563e-01]
 [1.19415739e+00 1.85311768e+00 5.11470839e-01]
 [7.76986093e-01 3.21661835e+00 2.03141619e+00]
 [1.17191024e+00 0.00000000e+00 1.16563786e+00]
 [1.04240844e-01 0.00000000e+00 3.53705500e-01]
 [1.34437365e+00 1.53775317e+00 2.89772175e+00]
 [2.60665205e-01 1.02662737e-01 1.41559652e-02]
 [2.11669721e+00 0.00000000e+00 3.61104150e-01]
 [1.66274648e+00 1.52587406e+00 3.81711115e+00]
 [3.95234401e-01 5.88573145e-01 0.00000000e+00]
 [9.55268227e-01 5.10970736e-01 1.26637948e+00]
 [1.26610022e+00 1.45262786e+00 2.78604248e+00]
 [0.00000000e+00 1.23604125e+00 0.00000000e+00]
 [1.88976247e-01 2.38456523e+00 0.00000000e+00]
 [0.00000000e+00 1.96341474e+00 2.78357906e+00]
 [8.90927189e-01 1.11740141e+00 8.33173392e-01]
 [2.50635689e+00 1.34027882e-01 0.00000000e+00]
 [1.73837038e-01 6.79813165e-01 1.80302874e+00]
 [8.42197120e-01 4.57826127e-01 6.30244079e-01]
 [4.80313269e-01 1.21151913e+00 7.54093336e-01]
 [4.34043616e+00 2.22556276e+00 2.57597437e+00]
 [1.11868574e+00 0.00000000e+00 2.65798313e-01]
 [0.00000000e+00 9.62480400e-01 0.00000000e+00]
 [1.32808563e+00 1.24918998e+00 1.67782481e+00]
 [1.26086945e+00 1.17791866e+00 1.83012615e+00]
 [2.05397144e+00 1.56605946e-01 0.00000000e+00]
 [3.91833301e+00 2.61867598e+00 3.29214079e+00]
 [6.51007596e-01 4.19822214e-01 1.55453696e+00]
 [3.48206404e-01 7.20551220e-01 0.00000000e+00]
 [1.38239178e+00 4.24799212e+00 3.06986745e+00]
 [1.81145069e+00 1.17030537e+00 1.40840129e+00]
 [0.00000000e+00 8.24395931e-01 1.22874689e+00]
 [2.76682846e+00 1.48893921e+00 2.26540747e+00]
 [1.21032539e+00 1.30075086e+00 1.19786490e+00]
 [0.00000000e+00 0.00000000e+00 0.00000000e+00]
 [2.16350503e+00 3.92505512e+00 2.16665433e+00]
 [2.39961025e-01 1.31517359e+00 2.30202186e-01]
 [3.00000000e-01 2.45059571e-01 8.63384341e-01]
 [1.76287342e+00 1.65650962e+00 1.83658315e+00]
 [4.43024935e-01 0.00000000e+00 1.41374773e+00]
 [5.72585112e-01 4.27868237e-01 6.77030516e-02]
 [1.53423814e+00 1.17788642e+00 1.84452848e+00]
 [1.88185283e+00 1.29817749e+00 1.08865168e+00]
 [1.82621320e+00 1.16677112e+00 1.43625960e+00]
 [2.24966466e+00 1.91337745e+00 1.18137793e+00]
 [6.95882490e-01 6.31394196e-01 1.44566104e+00]
 [3.41857685e-01 1.16242941e+00 1.09729281e-03]
 [8.93754989e-01 2.28501159e+00 2.29832980e+00]
 [3.98011754e+00 3.48156207e+00 2.52317135e+00]
 [2.87929500e-01 2.04960770e+00 0.00000000e+00]
 [1.99870289e+00 2.11997750e+00 2.84164294e+00]
 [1.21063742e+00 6.76621200e-01 3.56420674e+00]
 [0.00000000e+00 6.63622877e-01 5.28328535e-01]
 [1.49500210e+00 2.75763483e+00 2.68789205e+00]
 [3.35691005e+00 2.65157045e-01 1.67757079e+00]
 [2.33468535e-01 1.52081634e+00 0.00000000e+00]
 [1.32041302e+00 2.31263289e+00 1.57981199e+00]
 [2.52959432e+00 2.20345331e+00 2.67032696e+00]
 [0.00000000e+00 4.33151809e-02 0.00000000e+00]
 [1.92620594e+00 2.39355145e+00 1.92538294e+00]
 [1.73032209e+00 8.38007909e-01 1.21843131e+00]
 [3.21675589e-01 3.38066014e-01 3.11337742e-01]
 [8.82367839e-01 2.05265037e+00 1.42397323e+00]
 [9.13387954e-01 5.85421720e-01 1.07268359e+00]
 [0.00000000e+00 6.99970047e-01 2.18945347e-01]
 [2.59114022e+00 2.47293486e+00 3.11619850e+00]
 [1.53013211e+00 3.10332548e+00 0.00000000e+00]
 [2.48015801e+00 0.00000000e+00 0.00000000e+00]
 [3.39773259e+00 2.00682670e+00 3.19145922e+00]
 [4.28141894e-01 2.41702612e+00 1.19874755e+00]
 [0.00000000e+00 0.00000000e+00 3.01244295e-01]
 [8.37023588e-01 2.59061599e+00 2.68736222e+00]
 [2.45207060e+00 2.23051440e+00 8.80460024e-01]
 [0.00000000e+00 1.56198843e+00 8.96557810e-01]
 [2.28780541e+00 1.96838071e+00 2.41054711e+00]
 [6.86345856e-01 6.49527193e-01 2.05412687e+00]
 [4.51620330e-01 8.18793992e-01 3.12484660e-01]
 [1.59762013e+00 2.50382634e+00 1.84710709e+00]
 [2.84095714e+00 8.24371476e-01 1.24099057e+00]
 [4.52748490e-01 2.80657295e-01 1.96811437e+00]
 [1.36073882e+00 1.57349708e+00 8.15764730e-01]
 [2.86128366e+00 3.53057771e+00 2.43684945e+00]
 [1.79233667e+00 1.69259972e+00 1.71853103e+00]
 [1.53160997e+00 2.80555419e+00 1.18170802e+00]
 [1.03572784e+00 4.99247859e-01 9.77146982e-01]
 [0.00000000e+00 4.14648968e-01 2.06331246e+00]
 [1.21177728e+00 2.42767625e+00 2.89609599e+00]
 [1.72215803e+00 1.47022837e+00 0.00000000e+00]
 [1.19097994e+00 2.50087106e-01 1.38862264e+00]
 [1.01397899e+00 2.39906367e+00 7.88959642e-02]
 [2.10021817e+00 1.98792714e+00 0.00000000e+00]
 [3.99132227e-01 1.07876161e+00 1.45076209e+00]
 [3.59020139e+00 3.75219131e-01 6.79464259e-01]
 [3.49655528e-01 4.19754735e-01 1.75495185e+00]
 [0.00000000e+00 1.69577314e-01 0.00000000e+00]
 [1.61812741e+00 1.67739995e+00 1.71118926e+00]]

End of simulation 2020-04-20 11:54:02

Simulation took 0.5605387290318807 minutes
**************************************************
**************************************************
New simulation started at: 2020-04-20 11:55:19
number of episodes: 3
max steps per episodes: 1500
learning rate: 0.1
discount rate: 0.99
exploration rate: 1
max exploration rate: 0.01
min exploration rate: 1
exploration decay rate: 0.005

episode 0
step : 1129
rewards: 498
episode 1
step : 1129
rewards: 498
episode 2
step : 1129
rewards: 568

The Qtable for this simulation is given below:
[[6.36347576e-01 6.09570300e-01 1.12945600e+00]
 [5.79900000e-01 0.00000000e+00 2.52612130e-01]
 [8.91716459e-01 2.00708749e+00 1.97269507e+00]
 [7.02438180e-01 7.30713921e-02 5.01570986e-01]
 [0.00000000e+00 3.89801645e-01 4.18437860e-01]
 [0.00000000e+00 4.57226629e-01 9.31915618e-01]
 [3.46311895e-01 1.16350070e+00 1.33442106e+00]
 [0.00000000e+00 5.13963466e-01 0.00000000e+00]
 [5.18685222e-01 2.14088134e-01 1.86601610e+00]
 [7.81099508e-01 4.01139111e-01 0.00000000e+00]
 [0.00000000e+00 2.22911887e-01 0.00000000e+00]
 [1.10402508e+00 1.25824975e+00 1.55823503e+00]
 [2.54599427e-01 6.86248503e-01 7.36619418e-01]
 [0.00000000e+00 3.36008064e-01 0.00000000e+00]
 [6.55859268e-01 1.16829609e+00 3.17038995e-01]
 [4.90055379e-01 9.37971464e-01 9.55125461e-01]
 [0.00000000e+00 0.00000000e+00 0.00000000e+00]
 [1.90796324e+00 0.00000000e+00 1.07251502e+00]
 [6.00009577e-01 6.59110400e-01 3.97922106e-01]
 [6.02640300e-01 6.73913094e-01 0.00000000e+00]
 [2.22199456e+00 2.01676182e+00 2.43184146e+00]
 [9.66987003e-01 0.00000000e+00 6.30105052e-01]
 [0.00000000e+00 0.00000000e+00 0.00000000e+00]
 [1.76543486e+00 1.80202955e+00 9.54546246e-01]
 [0.00000000e+00 3.00000000e-01 0.00000000e+00]
 [0.00000000e+00 0.00000000e+00 1.28196508e-01]
 [3.58545154e-01 4.01752569e-01 8.89699666e-01]
 [1.16908715e+00 0.00000000e+00 0.00000000e+00]
 [0.00000000e+00 3.33453706e-01 1.00000000e-01]
 [3.47825653e-01 1.42770332e+00 1.38327371e+00]
 [0.00000000e+00 0.00000000e+00 0.00000000e+00]
 [2.73940300e-01 0.00000000e+00 0.00000000e+00]
 [1.45403077e+00 1.74066447e+00 1.13178741e+00]
 [0.00000000e+00 3.14929829e-01 0.00000000e+00]
 [8.66183024e-02 0.00000000e+00 0.00000000e+00]
 [2.12570482e+00 1.16396114e-01 1.29621326e+00]
 [2.00000000e-01 1.68390099e-01 6.90809080e-01]
 [1.54406286e-01 0.00000000e+00 6.11197527e-01]
 [1.52460873e+00 9.78670531e-01 9.78779099e-01]
 [0.00000000e+00 0.00000000e+00 0.00000000e+00]
 [0.00000000e+00 3.99800000e-01 2.49076270e-01]
 [1.52170074e+00 1.22767892e+00 1.66515253e+00]
 [0.00000000e+00 0.00000000e+00 1.34481663e+00]
 [0.00000000e+00 0.00000000e+00 7.62051233e-01]
 [1.20072423e+00 6.85552546e-01 1.94505067e+00]
 [9.90000000e-03 2.09790100e-01 1.00000000e-01]
 [7.10701516e-01 0.00000000e+00 0.00000000e+00]
 [1.18337850e+00 1.53393342e+00 1.35121458e+00]
 [1.99900000e-01 6.53400000e-02 0.00000000e+00]
 [6.02879696e-01 0.00000000e+00 0.00000000e+00]
 [2.41252574e+00 1.43386464e+00 2.24286417e+00]
 [8.49184442e-01 0.00000000e+00 5.64300000e-02]
 [4.23875856e-01 6.74187001e-01 0.00000000e+00]
 [1.67207042e+00 2.28727370e+00 2.05981906e+00]
 [0.00000000e+00 0.00000000e+00 0.00000000e+00]
 [6.45994945e-01 9.13819444e-01 0.00000000e+00]
 [3.49902258e-01 1.69495937e+00 2.60651775e+00]
 [0.00000000e+00 0.00000000e+00 0.00000000e+00]
 [3.04556379e-01 3.44083287e-01 8.51300269e-01]
 [1.16459333e+00 1.49763307e+00 1.45962541e+00]
 [0.00000000e+00 0.00000000e+00 3.42361907e-01]
 [4.45285730e-01 3.89010930e-01 0.00000000e+00]
 [1.25113987e+00 1.43799906e+00 2.11602629e+00]
 [0.00000000e+00 0.00000000e+00 0.00000000e+00]
 [8.29423036e-01 1.88999519e+00 6.77991305e-01]
 [1.40928517e+00 2.14297884e+00 3.28014398e+00]
 [0.00000000e+00 0.00000000e+00 0.00000000e+00]
 [5.97596053e-01 8.99100300e-01 5.16660893e-03]
 [8.31730243e-01 9.84667296e-01 1.99873467e+00]
 [0.00000000e+00 1.49842493e-01 0.00000000e+00]
 [7.50287802e-01 0.00000000e+00 4.16998288e-01]
 [1.37965240e+00 8.01070963e-01 1.80444776e+00]
 [5.70000000e-01 0.00000000e+00 0.00000000e+00]
 [4.77868756e-01 6.84951320e-02 0.00000000e+00]
 [1.82213214e+00 2.75913355e+00 2.08555424e+00]
 [0.00000000e+00 0.00000000e+00 0.00000000e+00]
 [0.00000000e+00 7.20980572e-01 0.00000000e+00]
 [4.45201280e-01 1.31618278e+00 1.40691171e+00]
 [0.00000000e+00 0.00000000e+00 1.28403000e-02]
 [0.00000000e+00 0.00000000e+00 2.58495132e-01]
 [1.30734666e+00 1.36450153e+00 9.07656616e-01]
 [4.81833560e-01 0.00000000e+00 0.00000000e+00]
 [6.91870020e-01 3.69766368e-01 3.00000000e-01]
 [2.80067977e+00 9.01619480e-01 2.66798011e+00]
 [0.00000000e+00 0.00000000e+00 3.06091201e-01]
 [4.46171644e-01 1.01123150e+00 1.09460897e+00]
 [0.00000000e+00 1.83670262e+00 1.43556911e+00]
 [0.00000000e+00 3.08379776e-01 0.00000000e+00]
 [1.58597979e+00 5.52235819e-01 5.29692243e-01]
 [2.57395761e+00 4.39953722e-01 7.49637140e-01]
 [0.00000000e+00 6.81619655e-01 0.00000000e+00]
 [0.00000000e+00 0.00000000e+00 3.13796845e-01]
 [1.65770955e+00 1.25815354e+00 1.89272679e+00]
 [6.01660200e-01 0.00000000e+00 6.55558224e-01]
 [0.00000000e+00 1.17647337e+00 0.00000000e+00]
 [8.46165043e-01 1.05647951e+00 1.49085526e+00]
 [1.15960472e+00 0.00000000e+00 0.00000000e+00]
 [0.00000000e+00 0.00000000e+00 8.40537661e-01]
 [5.31121568e-01 8.41944196e-01 1.29331079e+00]
 [9.85495791e-01 0.00000000e+00 0.00000000e+00]
 [5.24635007e-01 8.69089422e-01 3.45975597e-02]
 [1.60143817e+00 4.22017690e-01 6.55022190e-01]
 [0.00000000e+00 0.00000000e+00 0.00000000e+00]
 [6.09729129e-01 7.14635007e-01 6.71886669e-01]
 [1.46929012e+00 1.17886761e+00 1.21643972e+00]
 [1.08634558e-01 1.38820997e+00 0.00000000e+00]
 [0.00000000e+00 5.38821064e-01 0.00000000e+00]
 [1.22975106e+00 1.57412780e+00 1.78205984e-01]
 [0.00000000e+00 0.00000000e+00 9.69916128e-01]
 [0.00000000e+00 0.00000000e+00 0.00000000e+00]
 [1.61654943e+00 1.34245257e+00 1.25752040e+00]
 [0.00000000e+00 0.00000000e+00 0.00000000e+00]
 [1.04160310e-01 0.00000000e+00 3.46916128e-01]
 [1.20520125e+00 8.05754058e-01 1.91113869e+00]
 [0.00000000e+00 3.31796493e-01 1.32259771e+00]
 [4.66615548e-01 4.18753123e-01 8.36537693e-01]
 [3.79730446e-01 7.26385958e-01 1.92636978e+00]
 [1.99900000e-01 0.00000000e+00 9.20387981e-01]
 [6.05498478e-01 1.14685988e+00 1.51095283e-01]
 [1.12811093e+00 2.85737933e-01 1.46410363e+00]
 [0.00000000e+00 0.00000000e+00 4.03561771e-01]
 [2.11514811e-01 1.00000000e-01 5.16113966e-01]
 [8.12617135e-01 1.12641223e+00 4.94687510e-02]
 [0.00000000e+00 2.09800000e-01 0.00000000e+00]
 [0.00000000e+00 4.43539081e-01 1.43539081e-01]
 [7.03508318e-01 7.02633812e-01 1.49606227e+00]
 [4.09700000e-01 0.00000000e+00 0.00000000e+00]
 [1.44988971e+00 9.44742986e-01 8.31549123e-01]
 [1.56765155e+00 1.58188925e+00 9.45228944e-01]
 [5.89800000e-01 0.00000000e+00 0.00000000e+00]
 [8.54975473e-02 0.00000000e+00 9.15017813e-01]
 [1.25152704e+00 9.41376209e-01 1.16740971e+00]
 [0.00000000e+00 3.89900000e-01 0.00000000e+00]
 [0.00000000e+00 5.45573797e-02 0.00000000e+00]
 [1.04943829e+00 2.25085569e+00 2.71037588e+00]
 [0.00000000e+00 0.00000000e+00 0.00000000e+00]
 [3.28418695e-01 9.26262634e-01 1.81598685e-01]
 [1.78888492e+00 1.88915724e+00 2.01483942e+00]
 [0.00000000e+00 0.00000000e+00 2.25286570e-01]
 [1.18086105e+00 3.07326183e-01 3.16905244e-01]
 [1.61518326e+00 1.79466741e+00 1.69691360e-01]
 [0.00000000e+00 0.00000000e+00 7.56434642e-01]
 [1.63743803e+00 6.49233279e-01 1.49570782e+00]
 [1.36228946e+00 1.85886298e+00 2.28885068e+00]
 [1.05811093e+00 0.00000000e+00 0.00000000e+00]
 [2.72318223e-01 1.34389214e+00 8.00737483e-01]
 [5.18035155e-01 1.50038082e+00 1.77083769e+00]
 [0.00000000e+00 0.00000000e+00 0.00000000e+00]
 [8.29756613e-01 6.53576622e-01 5.26010761e-01]
 [1.12131466e+00 1.25568407e+00 2.06128490e+00]
 [6.56364660e-01 5.97683370e-01 5.98716237e-01]
 [6.81214158e-01 1.49742133e+00 1.58527912e-01]
 [5.68698966e-01 1.53807575e+00 2.06233417e+00]
 [2.73229654e-01 5.41666531e-01 8.32296542e-02]
 [0.00000000e+00 2.65077852e-01 5.89800000e-01]
 [2.00259369e+00 1.41330974e+00 1.81200173e-01]
 [4.63590820e-01 3.80149068e-01 3.96430369e-01]
 [5.59529933e-01 0.00000000e+00 1.37634758e-01]
 [1.31004184e+00 6.29777158e-01 4.55137211e-01]
 [7.61150365e-01 9.44400997e-02 2.20611467e-01]
 [0.00000000e+00 8.18950762e-01 0.00000000e+00]
 [5.83553805e-01 1.88908181e+00 9.72658076e-01]
 [1.09890100e-01 9.80100000e-04 2.19770330e-01]
 [2.60467909e-01 6.98821359e-01 7.09078560e-01]
 [1.12670882e+00 9.97164219e-01 3.74722569e-01]
 [1.99700300e-01 5.77532869e-01 2.87100000e-02]
 [0.00000000e+00 5.99700000e-01 6.68293619e-01]
 [1.54175285e+00 8.84120753e-01 1.37835592e+00]
 [5.71977983e-01 5.45490000e-02 4.34381956e-01]
 [0.00000000e+00 8.26049808e-01 9.58925186e-02]
 [1.41645444e+00 1.33277067e+00 2.15137865e+00]
 [7.81124979e-01 0.00000000e+00 2.39819638e-01]
 [9.79771382e-01 2.21101929e-01 3.95604099e-02]
 [1.16066377e-01 4.06262253e-01 1.41723698e+00]
 [0.00000000e+00 2.20659320e-01 7.10844989e-01]
 [6.21909534e-01 4.82869580e-01 2.96712900e-02]
 [2.35254959e-01 1.08081576e+00 3.39493406e-01]
 [1.37755222e+00 0.00000000e+00 2.50909534e-01]
 [0.00000000e+00 0.00000000e+00 3.61689345e-02]
 [1.75991986e+00 7.96843893e-01 7.45841403e-01]
 [3.65342772e-01 3.60273556e-01 0.00000000e+00]
 [0.00000000e+00 1.03785406e+00 4.14312999e-02]
 [1.54940446e+00 1.64194410e+00 1.24812572e+00]
 [4.09690100e-01 6.21723020e-01 2.18097957e-01]
 [0.00000000e+00 0.00000000e+00 0.00000000e+00]
 [9.83952913e-01 1.33892291e+00 2.02413397e+00]
 [8.56363200e-01 2.49370300e-01 0.00000000e+00]
 [7.76302912e-01 1.05343109e+00 0.00000000e+00]
 [1.91838629e+00 5.39985377e-01 1.51500613e+00]
 [1.82352959e+00 0.00000000e+00 8.62182173e-01]
 [6.05851517e-01 0.00000000e+00 0.00000000e+00]
 [3.17191540e+00 1.39949339e+00 3.00000000e-01]
 [0.00000000e+00 1.09381164e+00 0.00000000e+00]
 [0.00000000e+00 0.00000000e+00 1.31947811e+00]
 [2.00911910e+00 7.17614360e-01 1.09928323e+00]
 [0.00000000e+00 6.09570300e-01 6.82439593e-01]
 [0.00000000e+00 0.00000000e+00 6.41125910e-01]
 [1.48281881e+00 1.21115654e+00 4.85484938e-01]
 [0.00000000e+00 6.58080836e-01 0.00000000e+00]
 [6.56100300e-01 8.90109297e-02 8.56982458e-01]
 [1.75291721e+00 1.64953930e-01 8.72533497e-01]
 [7.89699910e-01 1.91960200e-01 0.00000000e+00]
 [9.98201200e-01 2.77490270e-01 1.74843686e-01]
 [1.87358523e+00 8.77844976e-01 3.82017617e-01]
 [0.00000000e+00 0.00000000e+00 6.52142700e-02]
 [5.70000000e-01 9.01746570e-01 1.33559080e-01]
 [2.41226157e-01 1.62441689e+00 1.02940866e+00]
 [6.10975417e-01 0.00000000e+00 5.88163286e-01]
 [0.00000000e+00 0.00000000e+00 4.28368044e-02]
 [8.83890395e-01 7.32252207e-01 1.59549646e+00]
 [0.00000000e+00 0.00000000e+00 0.00000000e+00]
 [1.44446980e+00 0.00000000e+00 0.00000000e+00]
 [6.96497525e-01 9.07252152e-01 2.13759903e+00]
 [0.00000000e+00 2.16531810e-02 0.00000000e+00]
 [4.32694994e-01 0.00000000e+00 3.38541940e-01]
 [4.14404480e-01 9.32232193e-01 1.26119468e+00]
 [0.00000000e+00 4.33628189e-01 0.00000000e+00]
 [1.88976247e-01 1.08613715e+00 0.00000000e+00]
 [0.00000000e+00 1.08910654e+00 1.42080668e+00]
 [2.31558467e-01 5.64727449e-01 6.24858082e-02]
 [1.36543092e+00 4.29979453e-02 0.00000000e+00]
 [1.73837038e-01 3.34609843e-01 7.45828664e-01]
 [4.07710100e-01 2.09800000e-01 0.00000000e+00]
 [0.00000000e+00 3.24818189e-01 2.67357497e-01]
 [2.46742659e+00 8.53195795e-01 1.01362670e+00]
 [5.54452345e-01 0.00000000e+00 1.59408750e-01]
 [0.00000000e+00 4.66756124e-01 0.00000000e+00]
 [2.48206404e-01 4.78331354e-01 9.20101930e-01]
 [2.37472480e-01 3.13289925e-01 6.09964716e-01]
 [8.69420100e-01 1.56605946e-01 0.00000000e+00]
 [2.34015306e+00 7.23875683e-01 1.89549788e+00]
 [1.35910807e-01 0.00000000e+00 8.41547691e-01]
 [3.48206404e-01 0.00000000e+00 0.00000000e+00]
 [6.50266929e-01 2.57010794e+00 1.44846004e+00]
 [9.39895596e-01 5.45875273e-01 6.95463197e-01]
 [0.00000000e+00 6.10280350e-01 6.70534247e-01]
 [1.52507117e+00 1.00859815e+00 1.48711371e+00]
 [6.01678157e-01 4.31031915e-01 5.94403384e-01]
 [0.00000000e+00 0.00000000e+00 0.00000000e+00]
 [7.49223499e-01 2.00932770e+00 1.15681381e+00]
 [0.00000000e+00 6.40942124e-01 0.00000000e+00]
 [3.00000000e-01 0.00000000e+00 3.31915753e-01]
 [1.17093061e+00 1.09368221e+00 1.05412229e+00]
 [1.80849303e-01 0.00000000e+00 5.65336120e-01]
 [5.72585112e-01 3.44042949e-01 6.77030516e-02]
 [4.01496814e-01 7.37816269e-01 1.04673042e+00]
 [7.68080360e-01 5.86016412e-01 5.70967056e-01]
 [6.83869208e-01 6.12056380e-01 4.53161153e-01]
 [1.05882923e+00 6.86824249e-01 7.29933733e-01]
 [3.35389837e-01 1.35942943e-01 8.92858021e-01]
 [3.41857685e-01 3.42953614e-01 1.09729281e-03]
 [4.06911488e-01 4.22527982e-01 1.10012662e+00]
 [2.30590764e+00 1.73075228e+00 4.34149730e-01]
 [0.00000000e+00 8.92014298e-01 0.00000000e+00]
 [1.07991402e+00 8.67836519e-01 9.65323710e-01]
 [2.98084836e-01 1.64769628e-01 1.78131791e+00]
 [0.00000000e+00 7.13992942e-01 0.00000000e+00]
 [1.19457168e+00 1.71526783e+00 1.67853265e+00]
 [1.94250037e+00 0.00000000e+00 7.51908124e-01]
 [0.00000000e+00 3.15603728e-01 0.00000000e+00]
 [7.91363562e-01 1.15321441e+00 3.45459322e-01]
 [1.29519524e+00 6.58427153e-01 1.45392260e+00]
 [0.00000000e+00 0.00000000e+00 0.00000000e+00]
 [8.39179514e-01 1.50314506e+00 1.09681130e+00]
 [8.42536915e-01 9.45254713e-02 3.31755782e-01]
 [0.00000000e+00 3.38066014e-01 3.11337742e-01]
 [3.25137336e-01 6.93957836e-01 1.24650741e+00]
 [4.13999446e-01 0.00000000e+00 4.85515296e-01]
 [0.00000000e+00 0.00000000e+00 2.18945347e-01]
 [1.03303877e+00 7.15697676e-01 1.20146815e+00]
 [6.54672332e-01 1.54887197e+00 0.00000000e+00]
 [1.38284022e+00 0.00000000e+00 0.00000000e+00]
 [1.68450885e+00 8.13292082e-01 1.73449394e+00]
 [1.15248992e-01 1.06305543e+00 6.58487434e-01]
 [0.00000000e+00 0.00000000e+00 3.01244295e-01]
 [3.80200294e-01 1.05890230e+00 1.19771541e+00]
 [9.69769120e-01 1.15208714e+00 1.09448307e-01]
 [0.00000000e+00 6.95237150e-01 4.76656043e-01]
 [1.13126911e+00 1.04679941e+00 1.24325068e+00]
 [3.83653957e-01 0.00000000e+00 9.02296978e-01]
 [4.51620330e-01 5.93697201e-01 3.12484660e-01]
 [1.23434069e+00 1.82568472e+00 9.85217842e-01]
 [1.34288926e+00 3.29865142e-01 5.06818426e-01]
 [0.00000000e+00 2.80657295e-01 9.91655647e-01]
 [8.83840620e-01 8.86766166e-01 4.97007944e-01]
 [1.29856400e+00 1.82767474e+00 1.09001411e+00]
 [4.66391390e-01 8.14720150e-01 8.09325287e-01]
 [6.77063801e-01 1.71883796e+00 3.79342523e-01]
 [4.09700000e-01 5.96613897e-02 4.67878969e-01]
 [0.00000000e+00 0.00000000e+00 1.06208109e+00]
 [9.51101731e-01 1.14298434e+00 1.43271072e+00]
 [6.17666356e-01 6.56391390e-01 0.00000000e+00]
 [5.99700000e-01 2.50087106e-01 6.76252701e-01]
 [4.52253922e-01 1.17501141e+00 7.88959642e-02]
 [1.59903395e+00 9.69674102e-01 0.00000000e+00]
 [3.99132227e-01 5.05930365e-01 7.59789198e-01]
 [1.82489126e+00 3.75219131e-01 0.00000000e+00]
 [3.49655528e-01 0.00000000e+00 9.41025241e-01]
 [0.00000000e+00 0.00000000e+00 0.00000000e+00]
 [7.96928931e-01 6.01165157e-01 8.26294166e-01]]

End of simulation 2020-04-20 11:55:53

Simulation took 0.5626975496610006 minutes
**************************************************
